# OpenSignals Text File Format. Version 1
# {"98:D3:41:FD:4F:1F": {"position": 0, "device": "bitalino_rev", "device name": "98:D3:41:FD:4F:1F", "device connection": "BTH98:D3:41:FD:4F:1F", "sampling rate": 100, "resolution": [4, 1, 1, 1, 1, 10], "firmware version": 1281, "comments": "", "keywords": "", "mode": 2, "sync interval": 2, "date": "2021-2-12", "time": "14:14:16.542", "channels": [5], "sensor": ["ACCBITREV"], "label": ["A5"], "column": ["nSeq", "I1", "I2", "O1", "O2", "A5"], "special": [{}], "digital IO": [0, 0, 1, 1]}}
# EndOfHeader
13	1	0	0	0	536	
14	1	0	0	0	530	
15	1	0	0	0	529	
0	1	0	0	0	534	
1	1	0	0	0	534	
2	1	0	0	0	529	
3	1	0	0	0	530	
4	1	0	0	0	535	
5	1	0	0	0	529	
6	1	0	0	0	525	
7	1	0	0	0	533	
8	1	0	0	0	547	
9	1	0	0	0	550	
10	1	0	0	0	542	
11	1	0	0	0	545	
12	1	0	0	0	547	
13	1	0	0	0	545	
14	1	0	0	0	544	
15	1	0	0	0	546	
0	1	0	0	0	553	
1	1	0	0	0	551	
2	1	0	0	0	543	
3	1	0	0	0	551	
4	1	0	0	0	558	
5	1	0	0	0	550	
6	1	0	0	0	549	
7	0	0	0	0	555	
8	0	0	0	0	556	
9	0	0	0	0	545	
10	0	0	0	0	564	
11	0	0	0	0	572	
12	0	0	0	0	494	
13	0	0	0	0	395	
14	0	0	0	0	495	
15	0	0	0	0	561	
0	0	0	0	0	557	
1	0	0	0	0	524	
2	0	0	0	0	516	
3	0	0	0	0	529	
4	0	0	0	0	533	
5	0	0	0	0	532	
6	0	0	0	0	522	
7	0	0	0	0	530	
8	0	0	0	0	535	
9	0	0	0	0	533	
10	0	0	0	0	526	
11	0	0	0	0	526	
12	0	0	0	0	527	
13	0	0	0	0	519	
14	0	0	0	0	514	
15	0	0	0	0	519	
0	0	0	0	0	521	
1	0	0	0	0	514	
2	0	0	0	0	513	
3	0	0	0	0	521	
4	0	0	0	0	527	
5	0	0	0	0	519	
6	0	0	0	0	524	
7	0	0	0	0	536	
8	0	0	0	0	532	
9	0	0	0	0	518	
10	0	0	0	0	504	
11	0	0	0	0	507	
12	0	0	0	0	517	
13	0	0	0	0	517	
14	0	0	0	0	508	
15	0	0	0	0	514	
0	0	0	0	0	512	
1	0	0	0	0	497	
2	0	0	0	0	491	
3	0	0	0	0	499	
4	0	0	0	0	503	
5	0	0	0	0	519	
6	0	0	0	0	543	
7	0	0	0	0	561	
8	0	0	0	0	578	
9	0	0	0	0	549	
10	0	0	0	0	522	
11	0	0	0	0	525	
12	0	0	0	0	537	
13	0	0	0	0	521	
14	0	0	0	0	508	
15	0	0	0	0	536	
0	0	0	0	0	545	
1	0	0	0	0	534	
2	0	0	0	0	514	
3	0	0	0	0	506	
4	0	0	0	0	506	
5	0	0	0	0	494	
6	0	0	0	0	486	
7	0	0	0	0	491	
8	0	0	0	0	496	
9	0	0	0	0	488	
10	0	0	0	0	480	
11	0	0	0	0	484	
12	0	0	0	0	489	
13	0	0	0	0	487	
14	0	0	0	0	490	
15	0	0	0	0	509	
0	0	0	0	0	512	
1	0	0	0	0	451	
2	0	0	0	0	484	
3	0	0	0	0	559	
4	0	0	0	0	584	
5	0	0	0	0	510	
6	0	0	0	0	453	
7	0	0	0	0	440	
8	0	0	0	0	467	
9	0	0	0	0	484	
10	0	0	0	0	499	
11	0	0	0	0	515	
12	0	0	0	0	514	
13	0	0	0	0	484	
14	0	0	0	0	458	
15	0	0	0	0	456	
0	0	0	0	0	476	
1	0	0	0	0	484	
2	0	0	0	0	481	
3	0	0	0	0	481	
4	0	0	0	0	500	
5	0	0	0	0	509	
6	0	0	0	0	488	
7	0	0	0	0	484	
8	0	0	0	0	491	
9	0	0	0	0	483	
10	0	0	0	0	476	
11	0	0	0	0	491	
12	0	0	0	0	501	
13	0	0	0	0	493	
14	0	0	0	0	491	
15	0	0	0	0	496	
0	0	0	0	0	489	
1	0	0	0	0	476	
2	0	0	0	0	474	
3	0	0	0	0	487	
4	0	0	0	0	494	
5	0	0	0	0	487	
6	0	0	0	0	483	
7	0	0	0	0	487	
8	0	0	0	0	487	
9	0	0	0	0	487	
10	0	0	0	0	486	
11	0	0	0	0	491	
12	0	0	0	0	498	
13	0	0	0	0	495	
14	0	0	0	0	487	
15	0	0	0	0	487	
0	0	0	0	0	491	
1	0	0	0	0	486	
2	0	0	0	0	486	
3	0	0	0	0	496	
4	0	0	0	0	497	
5	0	0	0	0	491	
6	0	0	0	0	485	
7	0	0	0	0	492	
8	0	0	0	0	502	
9	0	0	0	0	491	
10	0	0	0	0	480	
11	0	0	0	0	491	
12	0	0	0	0	497	
13	0	0	0	0	501	
14	0	0	0	0	492	
15	0	0	0	0	492	
0	0	0	0	0	511	
1	0	0	0	0	499	
2	0	0	0	0	486	
3	0	0	0	0	503	
4	0	0	0	0	508	
5	0	0	0	0	498	
6	0	0	0	0	515	
7	0	0	0	0	520	
8	0	0	0	0	515	
9	0	0	0	0	514	
10	0	0	0	0	514	
11	0	0	0	0	516	
12	0	0	0	0	517	
13	0	0	0	0	521	
14	0	0	0	0	546	
15	0	0	0	0	532	
0	0	0	0	0	483	
1	0	0	0	0	462	
2	0	0	0	0	444	
3	0	0	0	0	472	
4	0	0	0	0	531	
5	0	0	0	0	550	
6	0	0	0	0	499	
7	0	0	0	0	477	
8	0	0	0	0	466	
9	0	0	0	0	475	
10	0	0	0	0	528	
11	0	0	0	0	575	
12	0	0	0	0	545	
13	0	0	0	0	490	
14	0	0	0	0	458	
15	0	0	0	0	450	
0	0	0	0	0	475	
1	0	0	0	0	491	
2	0	0	0	0	494	
3	0	0	0	0	491	
4	0	0	0	0	468	
5	0	0	0	0	445	
6	0	0	0	0	486	
7	0	0	0	0	541	
8	0	0	0	0	527	
9	0	0	0	0	497	
10	0	0	0	0	494	
11	0	0	0	0	502	
12	0	0	0	0	501	
13	0	0	0	0	492	
14	0	0	0	0	495	
15	0	0	0	0	510	
0	0	0	0	0	521	
1	0	0	0	0	520	
2	0	0	0	0	503	
3	0	0	0	0	504	
4	0	0	0	0	503	
5	0	0	0	0	502	
6	0	0	0	0	502	
7	0	0	0	0	519	
8	0	0	0	0	535	
9	0	0	0	0	536	
10	0	0	0	0	531	
11	0	0	0	0	534	
12	0	0	0	0	536	
13	0	0	0	0	527	
14	0	0	0	0	519	
15	0	0	0	0	528	
0	0	0	0	0	531	
1	0	0	0	0	526	
2	0	0	0	0	522	
3	0	0	0	0	536	
4	0	0	0	0	548	
5	0	0	0	0	542	
6	0	0	0	0	529	
7	0	0	0	0	531	
8	0	0	0	0	534	
9	0	0	0	0	527	
10	0	0	0	0	520	
11	0	0	0	0	523	
12	0	0	0	0	519	
13	0	0	0	0	501	
14	0	0	0	0	494	
15	0	0	0	0	508	
0	0	0	0	0	519	
1	0	0	0	0	518	
2	0	0	0	0	508	
3	0	0	0	0	504	
4	0	0	0	0	493	
5	0	0	0	0	470	
6	0	0	0	0	430	
7	0	0	0	0	438	
8	0	0	0	0	451	
9	0	0	0	0	455	
10	0	0	0	0	454	
11	0	0	0	0	457	
12	0	0	0	0	461	
13	0	0	0	0	455	
14	0	0	0	0	450	
15	0	0	0	0	456	
0	0	0	0	0	469	
1	0	0	0	0	464	
2	0	0	0	0	468	
3	0	0	0	0	461	
4	0	0	0	0	426	
5	0	0	0	0	427	
6	0	0	0	0	476	
7	0	0	0	0	534	
8	0	0	0	0	541	
9	0	0	0	0	448	
10	0	0	0	0	426	
11	0	0	0	0	545	
12	0	0	0	0	564	
13	0	0	0	0	498	
14	0	0	0	0	469	
15	0	0	0	0	455	
0	0	0	0	0	467	
1	0	0	0	0	467	
2	0	0	0	0	448	
3	0	0	0	0	462	
4	0	0	0	0	474	
5	0	0	0	0	481	
6	0	0	0	0	495	
7	0	0	0	0	503	
8	0	0	0	0	494	
9	0	0	0	0	468	
10	0	0	0	0	467	
11	0	0	0	0	477	
12	0	0	0	0	472	
13	0	0	0	0	465	
14	0	0	0	0	456	
15	0	0	0	0	459	
0	0	0	0	0	476	
1	0	0	0	0	491	
2	0	0	0	0	477	
3	0	0	0	0	487	
4	0	0	0	0	486	
5	0	0	0	0	470	
6	0	0	0	0	463	
7	0	0	0	0	472	
8	0	0	0	0	490	
9	0	0	0	0	486	
10	0	0	0	0	472	
11	0	0	0	0	472	
12	0	0	0	0	475	
13	0	0	0	0	470	
14	0	0	0	0	468	
15	0	0	0	0	476	
0	0	0	0	0	480	
1	0	0	0	0	473	
2	0	0	0	0	463	
3	0	0	0	0	474	
4	0	0	0	0	484	
5	0	0	0	0	479	
6	0	0	0	0	476	
7	0	0	0	0	479	
8	0	0	0	0	481	
9	0	0	0	0	468	
10	0	0	0	0	458	
11	0	0	0	0	477	
12	0	0	0	0	486	
13	0	0	0	0	476	
14	0	0	0	0	467	
15	0	0	0	0	479	
0	0	0	0	0	484	
1	0	0	0	0	471	
2	0	0	0	0	463	
3	0	0	0	0	474	
4	0	0	0	0	483	
5	0	0	0	0	476	
6	0	0	0	0	472	
7	0	0	0	0	490	
8	0	0	0	0	500	
9	0	0	0	0	486	
10	0	0	0	0	473	
11	0	0	0	0	481	
12	0	0	0	0	491	
13	0	0	0	0	485	
14	0	0	0	0	472	
15	0	0	0	0	476	
0	0	0	0	0	486	
1	0	0	0	0	482	
2	0	0	0	0	477	
3	0	0	0	0	475	
4	0	0	0	0	483	
5	0	0	0	0	482	
6	0	0	0	0	462	
7	0	0	0	0	454	
8	0	0	0	0	453	
9	0	0	0	0	440	
10	0	0	0	0	432	
11	0	0	0	0	446	
12	0	0	0	0	431	
13	0	0	0	0	425	
14	0	0	0	0	455	
15	0	0	0	0	467	
0	0	0	0	0	443	
1	0	0	0	0	454	
2	0	0	0	0	467	
3	0	0	0	0	477	
4	0	0	0	0	527	
5	0	0	0	0	535	
6	0	0	0	0	527	
7	0	0	0	0	538	
8	0	0	0	0	531	
9	0	0	0	0	509	
10	0	0	0	0	496	
11	0	0	0	0	516	
12	0	0	0	0	536	
13	0	0	0	0	524	
14	0	0	0	0	519	
15	0	0	0	0	530	
0	0	0	0	0	518	
1	0	0	0	0	492	
2	0	0	0	0	480	
3	0	0	0	0	484	
4	0	0	0	0	498	
5	0	0	0	0	499	
6	0	0	0	0	498	
7	0	0	0	0	503	
8	0	0	0	0	502	
9	0	0	0	0	496	
10	0	0	0	0	489	
11	0	0	0	0	496	
12	0	0	0	0	503	
13	0	0	0	0	498	
14	0	0	0	0	492	
15	0	0	0	0	497	
0	0	0	0	0	502	
1	0	0	0	0	495	
2	0	0	0	0	487	
3	0	0	0	0	489	
4	0	0	0	0	483	
5	0	0	0	0	472	
6	0	0	0	0	475	
7	0	0	0	0	490	
8	0	0	0	0	516	
9	0	0	0	0	514	
10	0	0	0	0	500	
11	0	0	0	0	495	
12	0	0	0	0	489	
13	0	0	0	0	476	
14	0	0	0	0	466	
15	0	0	0	0	479	
0	0	0	0	0	496	
1	0	0	0	0	504	
2	0	0	0	0	508	
3	0	0	0	0	510	
4	0	0	0	0	502	
5	0	0	0	0	485	
6	0	0	0	0	475	
7	0	0	0	0	481	
8	0	0	0	0	486	
9	0	0	0	0	487	
10	0	0	0	0	487	
11	0	0	0	0	495	
12	0	0	0	0	502	
13	0	0	0	0	501	
14	0	0	0	0	495	
15	0	0	0	0	495	
0	0	0	0	0	496	
1	0	0	0	0	491	
2	0	0	0	0	489	
3	0	0	0	0	493	
4	0	0	0	0	495	
5	0	0	0	0	491	
6	0	0	0	0	489	
7	0	0	0	0	494	
8	0	0	0	0	499	
9	0	0	0	0	497	
10	0	0	0	0	494	
11	0	0	0	0	505	
12	0	0	0	0	515	
13	0	0	0	0	517	
14	0	0	0	0	512	
15	0	0	0	0	511	
0	0	0	0	0	519	
1	0	0	0	0	512	
2	0	0	0	0	505	
3	0	0	0	0	511	
4	0	0	0	0	513	
5	0	0	0	0	510	
6	0	0	0	0	512	
7	0	0	0	0	514	
8	0	0	0	0	513	
9	0	0	0	0	509	
10	0	0	0	0	511	
11	0	0	0	0	536	
12	0	0	0	0	572	
13	0	0	0	0	567	
14	0	0	0	0	511	
15	0	0	0	0	490	
0	0	0	0	0	507	
1	0	0	0	0	510	
2	0	0	0	0	498	
3	0	0	0	0	514	
4	0	0	0	0	547	
5	0	0	0	0	534	
6	0	0	0	0	499	
7	0	0	0	0	498	
8	0	0	0	0	504	
9	0	0	0	0	497	
10	0	0	0	0	495	
11	0	0	0	0	507	
12	0	0	0	0	510	
13	0	0	0	0	502	
14	0	0	0	0	495	
15	0	0	0	0	501	
0	0	0	0	0	507	
1	0	0	0	0	504	
2	0	0	0	0	498	
3	0	0	0	0	501	
4	0	0	0	0	500	
5	0	0	0	0	489	
6	0	0	0	0	485	
7	0	0	0	0	493	
8	0	0	0	0	502	
9	0	0	0	0	502	
10	0	0	0	0	504	
11	0	0	0	0	519	
12	0	0	0	0	533	
13	0	0	0	0	521	
14	0	0	0	0	504	
15	0	0	0	0	500	
0	0	0	0	0	501	
1	0	0	0	0	495	
2	0	0	0	0	497	
3	0	0	0	0	500	
4	0	0	0	0	508	
5	0	0	0	0	507	
6	0	0	0	0	510	
7	0	0	0	0	515	
8	0	0	0	0	516	
9	0	0	0	0	512	
10	0	0	0	0	504	
11	0	0	0	0	504	
12	0	0	0	0	511	
13	0	0	0	0	511	
14	0	0	0	0	511	
15	0	0	0	0	521	
0	0	0	0	0	529	
1	0	0	0	0	522	
2	0	0	0	0	517	
3	0	0	0	0	523	
4	0	0	0	0	525	
5	0	0	0	0	521	
6	0	0	0	0	519	
7	0	0	0	0	530	
8	0	0	0	0	534	
9	0	0	0	0	525	
10	0	0	0	0	517	
11	0	0	0	0	521	
12	0	0	0	0	523	
13	0	0	0	0	519	
14	0	0	0	0	514	
15	0	0	0	0	518	
0	0	0	0	0	518	
1	0	0	0	0	507	
2	0	0	0	0	501	
3	0	0	0	0	502	
4	0	0	0	0	504	
5	0	0	0	0	496	
6	0	0	0	0	487	
7	0	0	0	0	492	
8	0	0	0	0	496	
9	0	0	0	0	489	
10	0	0	0	0	481	
11	0	0	0	0	482	
12	0	0	0	0	484	
13	0	0	0	0	480	
14	0	0	0	0	490	
15	0	0	0	0	528	
0	0	0	0	0	563	
1	0	0	0	0	555	
2	0	0	0	0	520	
3	0	0	0	0	516	
4	0	0	0	0	519	
5	0	0	0	0	511	
6	0	0	0	0	499	
7	0	0	0	0	501	
8	0	0	0	0	496	
9	0	0	0	0	493	
10	0	0	0	0	482	
11	0	0	0	0	478	
12	0	0	0	0	488	
13	0	0	0	0	482	
14	0	0	0	0	481	
15	0	0	0	0	499	
0	0	0	0	0	504	
1	0	0	0	0	494	
2	0	0	0	0	481	
3	0	0	0	0	489	
4	0	0	0	0	497	
5	0	0	0	0	487	
6	0	0	0	0	484	
7	0	0	0	0	491	
8	0	0	0	0	491	
9	0	0	0	0	493	
10	0	0	0	0	496	
11	0	0	0	0	498	
12	0	0	0	0	498	
13	0	0	0	0	486	
14	0	0	0	0	480	
15	0	0	0	0	486	
0	0	0	0	0	495	
1	0	0	0	0	492	
2	0	0	0	0	487	
3	0	0	0	0	490	
4	0	0	0	0	497	
5	0	0	0	0	497	
6	0	0	0	0	487	
7	0	0	0	0	490	
8	0	0	0	0	495	
9	0	0	0	0	488	
10	0	0	0	0	485	
11	0	0	0	0	491	
12	0	0	0	0	496	
13	0	0	0	0	491	
14	0	0	0	0	486	
15	0	0	0	0	494	
0	0	0	0	0	502	
1	0	0	0	0	499	
2	0	0	0	0	491	
3	0	0	0	0	494	
4	0	0	0	0	498	
5	0	0	0	0	491	
6	0	0	0	0	488	
7	0	0	0	0	496	
8	0	0	0	0	504	
9	0	0	0	0	501	
10	0	0	0	0	489	
11	0	0	0	0	499	
12	0	0	0	0	507	
13	0	0	0	0	504	
14	0	0	0	0	504	
15	0	0	0	0	513	
0	0	0	0	0	515	
1	0	0	0	0	504	
2	0	0	0	0	496	
3	0	0	0	0	515	
4	0	0	0	0	527	
5	0	0	0	0	519	
6	0	0	0	0	516	
7	0	0	0	0	519	
8	0	0	0	0	511	
9	0	0	0	0	495	
10	0	0	0	0	486	
11	0	0	0	0	482	
12	0	0	0	0	478	
13	0	0	0	0	463	
14	0	0	0	0	458	
15	0	0	0	0	479	
0	0	0	0	0	495	
1	0	0	0	0	492	
2	0	0	0	0	486	
3	0	0	0	0	494	
4	0	0	0	0	506	
5	0	0	0	0	492	
6	0	0	0	0	475	
7	0	0	0	0	478	
8	0	0	0	0	489	
9	0	0	0	0	487	
10	0	0	0	0	481	
11	0	0	0	0	487	
12	0	0	0	0	490	
13	0	0	0	0	483	
14	0	0	0	0	485	
15	0	0	0	0	495	
0	0	0	0	0	489	
1	0	0	0	0	487	
2	0	0	0	0	492	
3	0	0	0	0	498	
4	0	0	0	0	508	
5	0	0	0	0	505	
6	0	0	0	0	511	
7	0	0	0	0	520	
8	0	0	0	0	524	
9	0	0	0	0	527	
10	0	0	0	0	527	
11	0	0	0	0	529	
12	0	0	0	0	529	
13	0	0	0	0	514	
14	0	0	0	0	497	
15	0	0	0	0	501	
0	0	0	0	0	509	
1	0	0	0	0	505	
2	0	0	0	0	497	
3	0	0	0	0	502	
4	0	0	0	0	518	
5	0	0	0	0	529	
6	0	0	0	0	526	
7	0	0	0	0	517	
8	0	0	0	0	513	
9	0	0	0	0	505	
10	0	0	0	0	497	
11	0	0	0	0	505	
12	0	0	0	0	513	
13	0	0	0	0	509	
14	0	0	0	0	504	
15	0	0	0	0	511	
0	0	0	0	0	519	
1	0	0	0	0	516	
2	0	0	0	0	509	
3	0	0	0	0	512	
4	0	0	0	0	510	
5	0	0	0	0	500	
6	0	0	0	0	495	
7	0	0	0	0	504	
8	0	0	0	0	511	
9	0	0	0	0	505	
10	0	0	0	0	498	
11	0	0	0	0	500	
12	0	0	0	0	503	
13	0	0	0	0	494	
14	0	0	0	0	479	
15	0	0	0	0	471	
0	0	0	0	0	443	
1	0	0	0	0	455	
2	0	0	0	0	474	
3	0	0	0	0	485	
4	0	0	0	0	498	
5	0	0	0	0	485	
6	0	0	0	0	493	
7	0	0	0	0	513	
8	0	0	0	0	513	
9	0	0	0	0	491	
10	0	0	0	0	488	
11	0	0	0	0	498	
12	0	0	0	0	503	
13	0	0	0	0	493	
14	0	0	0	0	485	
15	0	0	0	0	483	
0	0	0	0	0	481	
1	0	0	0	0	463	
2	0	0	0	0	445	
3	0	0	0	0	450	
4	0	0	0	0	460	
5	0	0	0	0	462	
6	0	0	0	0	459	
7	0	0	0	0	465	
8	0	0	0	0	471	
9	0	0	0	0	467	
10	0	0	0	0	461	
11	0	0	0	0	467	
12	0	0	0	0	479	
13	0	0	0	0	477	
14	0	0	0	0	472	
15	0	0	0	0	482	
0	0	0	0	0	493	
1	0	0	0	0	491	
2	0	0	0	0	484	
3	0	0	0	0	485	
4	0	0	0	0	503	
5	0	0	0	0	510	
6	0	0	0	0	496	
7	0	0	0	0	493	
8	0	0	0	0	503	
9	0	0	0	0	501	
10	0	0	0	0	491	
11	0	0	0	0	497	
12	0	0	0	0	504	
13	0	0	0	0	498	
14	0	0	0	0	495	
15	0	0	0	0	504	
0	0	0	0	0	506	
1	0	0	0	0	497	
2	0	0	0	0	487	
3	0	0	0	0	491	
4	0	0	0	0	498	
5	0	0	0	0	495	
6	0	0	0	0	487	
7	0	0	0	0	496	
8	0	0	0	0	518	
9	0	0	0	0	515	
10	0	0	0	0	515	
11	0	0	0	0	524	
12	0	0	0	0	503	
13	0	0	0	0	481	
14	0	0	0	0	475	
15	0	0	0	0	480	
0	0	0	0	0	481	
1	0	0	0	0	478	
2	0	0	0	0	478	
3	0	0	0	0	483	
4	0	0	0	0	489	
5	0	0	0	0	478	
6	0	0	0	0	467	
7	0	0	0	0	470	
8	0	0	0	0	476	
9	0	0	0	0	468	
10	0	0	0	0	461	
11	0	0	0	0	465	
12	0	0	0	0	472	
13	0	0	0	0	465	
14	0	0	0	0	457	
15	0	0	0	0	465	
0	0	0	0	0	471	
1	0	0	0	0	469	
2	0	0	0	0	465	
3	0	0	0	0	472	
4	0	0	0	0	476	
5	0	0	0	0	477	
6	0	0	0	0	475	
7	0	0	0	0	483	
8	0	0	0	0	511	
9	0	0	0	0	523	
10	0	0	0	0	515	
11	0	0	0	0	498	
12	0	0	0	0	486	
13	0	0	0	0	480	
14	0	0	0	0	474	
15	0	0	0	0	479	
0	0	0	0	0	488	
1	0	0	0	0	481	
2	0	0	0	0	475	
3	0	0	0	0	478	
4	0	0	0	0	480	
5	0	0	0	0	480	
6	0	0	0	0	479	
7	0	0	0	0	487	
8	0	0	0	0	494	
9	0	0	0	0	487	
10	0	0	0	0	481	
11	0	0	0	0	489	
12	0	0	0	0	494	
13	0	0	0	0	490	
14	0	0	0	0	478	
15	0	0	0	0	489	
0	0	0	0	0	507	
1	0	0	0	0	497	
2	0	0	0	0	478	
3	0	0	0	0	489	
4	0	0	0	0	502	
5	0	0	0	0	493	
6	0	0	0	0	484	
7	0	0	0	0	504	
8	0	0	0	0	503	
9	0	0	0	0	495	
10	0	0	0	0	483	
11	0	0	0	0	483	
12	0	0	0	0	486	
13	0	0	0	0	475	
14	0	0	0	0	464	
15	0	0	0	0	470	
0	0	0	0	0	470	
1	0	0	0	0	456	
2	0	0	0	0	439	
3	0	0	0	0	447	
4	0	0	0	0	456	
5	0	0	0	0	449	
6	0	0	0	0	444	
7	0	0	0	0	452	
8	0	0	0	0	460	
9	0	0	0	0	448	
10	0	0	0	0	453	
11	0	0	0	0	474	
12	0	0	0	0	477	
13	0	0	0	0	477	
14	0	0	0	0	501	
15	0	0	0	0	502	
0	0	0	0	0	513	
1	0	0	0	0	508	
2	0	0	0	0	496	
3	0	0	0	0	504	
4	0	0	0	0	506	
5	0	0	0	0	504	
6	0	0	0	0	499	
7	0	0	0	0	504	
8	0	0	0	0	511	
9	0	0	0	0	514	
10	0	0	0	0	516	
11	0	0	0	0	526	
12	0	0	0	0	528	
13	0	0	0	0	515	
14	0	0	0	0	506	
15	0	0	0	0	509	
0	0	0	0	0	516	
1	0	0	0	0	516	
2	0	0	0	0	509	
3	0	0	0	0	513	
4	0	0	0	0	517	
5	0	0	0	0	511	
6	0	0	0	0	497	
7	0	0	0	0	498	
8	0	0	0	0	503	
9	0	0	0	0	496	
10	0	0	0	0	487	
11	0	0	0	0	494	
12	0	0	0	0	500	
13	0	0	0	0	499	
14	0	0	0	0	499	
15	0	0	0	0	506	
0	0	0	0	0	509	
1	0	0	0	0	497	
2	0	0	0	0	484	
3	0	0	0	0	487	
4	0	0	0	0	490	
5	0	0	0	0	489	
6	0	0	0	0	490	
7	0	0	0	0	496	
8	0	0	0	0	504	
9	0	0	0	0	501	
10	0	0	0	0	495	
11	0	0	0	0	503	
12	0	0	0	0	507	
13	0	0	0	0	495	
14	0	0	0	0	481	
15	0	0	0	0	487	
0	0	0	0	0	492	
1	0	0	0	0	488	
2	0	0	0	0	479	
3	0	0	0	0	481	
4	0	0	0	0	480	
5	0	0	0	0	459	
6	0	0	0	0	455	
7	0	0	0	0	507	
8	0	0	0	0	524	
9	0	0	0	0	482	
10	0	0	0	0	468	
11	0	0	0	0	490	
12	0	0	0	0	506	
13	0	0	0	0	495	
14	0	0	0	0	480	
15	0	0	0	0	485	
0	0	0	0	0	502	
1	0	0	0	0	498	
2	0	0	0	0	502	
3	0	0	0	0	518	
4	0	0	0	0	540	
5	0	0	0	0	552	
6	0	0	0	0	536	
7	0	0	0	0	511	
8	0	0	0	0	506	
9	0	0	0	0	507	
10	0	0	0	0	505	
11	0	0	0	0	514	
12	0	0	0	0	524	
13	0	0	0	0	519	
14	0	0	0	0	520	
15	0	0	0	0	536	
0	0	0	0	0	549	
1	0	0	0	0	540	
2	0	0	0	0	510	
3	0	0	0	0	502	
4	0	0	0	0	512	
5	0	0	0	0	510	
6	0	0	0	0	501	
7	0	0	0	0	505	
8	0	0	0	0	511	
9	0	0	0	0	508	
10	0	0	0	0	507	
11	0	0	0	0	512	
12	0	0	0	0	511	
13	0	0	0	0	503	
14	0	0	0	0	496	
15	0	0	0	0	502	
0	0	0	0	0	512	
1	0	0	0	0	507	
2	0	0	0	0	502	
3	0	0	0	0	506	
4	0	0	0	0	508	
5	0	0	0	0	501	
6	0	0	0	0	496	
7	0	0	0	0	505	
8	0	0	0	0	515	
9	0	0	0	0	514	
10	0	0	0	0	511	
11	0	0	0	0	520	
12	0	0	0	0	522	
13	0	0	0	0	512	
14	0	0	0	0	495	
15	0	0	0	0	497	
0	0	0	0	0	508	
1	0	0	0	0	514	
2	0	0	0	0	514	
3	0	0	0	0	517	
4	0	0	0	0	519	
5	0	0	0	0	512	
6	0	0	0	0	496	
7	0	0	0	0	507	
8	0	0	0	0	508	
9	0	0	0	0	497	
10	0	0	0	0	491	
11	0	0	0	0	493	
12	0	0	0	0	512	
13	0	0	0	0	510	
14	0	0	0	0	480	
15	0	0	0	0	487	
0	0	0	0	0	512	
1	0	0	0	0	523	
2	0	0	0	0	510	
3	0	0	0	0	506	
4	0	0	0	0	507	
5	0	0	0	0	500	
6	0	0	0	0	498	
7	0	0	0	0	508	
8	0	0	0	0	519	
9	0	0	0	0	513	
10	0	0	0	0	503	
11	0	0	0	0	504	
12	0	0	0	0	506	
13	0	0	0	0	506	
14	0	0	0	0	496	
15	0	0	0	0	490	
0	0	0	0	0	491	
1	0	0	0	0	488	
2	0	0	0	0	488	
3	0	0	0	0	488	
4	0	0	0	0	508	
5	0	0	0	0	559	
6	0	0	0	0	616	
7	0	0	0	0	551	
8	0	0	0	0	530	
9	0	0	0	0	515	
10	0	0	0	0	516	
11	0	0	0	0	531	
12	0	0	0	0	511	
13	0	0	0	0	483	
14	0	0	0	0	476	
15	0	0	0	0	494	
0	0	0	0	0	498	
1	0	0	0	0	496	
2	0	0	0	0	507	
3	0	0	0	0	503	
4	0	0	0	0	501	
5	0	0	0	0	496	
6	0	0	0	0	490	
7	0	0	0	0	496	
8	0	0	0	0	496	
9	0	0	0	0	490	
10	0	0	0	0	501	
11	0	0	0	0	510	
12	0	0	0	0	503	
13	0	0	0	0	493	
14	0	0	0	0	485	
15	0	0	0	0	493	
0	0	0	0	0	504	
1	0	0	0	0	497	
2	0	0	0	0	496	
3	0	0	0	0	495	
4	0	0	0	0	494	
5	0	0	0	0	497	
6	0	0	0	0	495	
7	0	0	0	0	500	
8	0	0	0	0	508	
9	0	0	0	0	501	
10	0	0	0	0	494	
11	0	0	0	0	499	
12	0	0	0	0	506	
13	0	0	0	0	502	
14	0	0	0	0	502	
15	0	0	0	0	515	
0	0	0	0	0	522	
1	0	0	0	0	519	
2	0	0	0	0	515	
3	0	0	0	0	520	
4	0	0	0	0	527	
5	0	0	0	0	527	
6	0	0	0	0	529	
7	0	0	0	0	534	
8	0	0	0	0	532	
9	0	0	0	0	520	
10	0	0	0	0	498	
11	0	0	0	0	487	
12	0	0	0	0	475	
13	0	0	0	0	458	
14	0	0	0	0	447	
15	0	0	0	0	447	
0	0	0	0	0	449	
1	0	0	0	0	427	
2	0	0	0	0	447	
3	0	0	0	0	445	
4	0	0	0	0	494	
5	0	0	0	0	476	
6	0	0	0	0	436	
7	0	0	0	0	463	
8	0	0	0	0	496	
9	0	0	0	0	495	
10	0	0	0	0	483	
11	0	0	0	0	497	
12	0	0	0	0	496	
13	0	0	0	0	474	
14	0	0	0	0	478	
15	0	0	0	0	490	
0	0	0	0	0	500	
1	0	0	0	0	496	
2	0	0	0	0	499	
3	0	0	0	0	498	
4	0	0	0	0	502	
5	0	0	0	0	507	
6	0	0	0	0	489	
7	0	0	0	0	516	
8	0	0	0	0	542	
9	0	0	0	0	551	
10	0	0	0	0	537	
11	0	0	0	0	528	
12	0	0	0	0	526	
13	0	0	0	0	521	
14	0	0	0	0	515	
15	0	0	0	0	525	
0	0	0	0	0	536	
1	0	0	0	0	527	
2	0	0	0	0	518	
3	0	0	0	0	521	
4	0	0	0	0	526	
5	0	0	0	0	522	
6	0	0	0	0	518	
7	0	0	0	0	522	
8	0	0	0	0	525	
9	0	0	0	0	516	
10	0	0	0	0	507	
11	0	0	0	0	507	
12	0	0	0	0	508	
13	0	0	0	0	502	
14	0	0	0	0	494	
15	0	0	0	0	497	
0	0	0	0	0	504	
1	0	0	0	0	505	
2	0	0	0	0	503	
3	0	0	0	0	506	
4	0	0	0	0	508	
5	0	0	0	0	499	
6	0	0	0	0	486	
7	0	0	0	0	474	
8	0	0	0	0	467	
9	0	0	0	0	487	
10	0	0	0	0	509	
11	0	0	0	0	511	
12	0	0	0	0	508	
13	0	0	0	0	506	
14	0	0	0	0	506	
15	0	0	0	0	513	
0	0	0	0	0	508	
1	0	0	0	0	492	
2	0	0	0	0	483	
3	0	0	0	0	483	
4	0	0	0	0	493	
5	0	0	0	0	492	
6	0	0	0	0	487	
7	0	0	0	0	489	
8	0	0	0	0	491	
9	0	0	0	0	486	
10	0	0	0	0	476	
11	0	0	0	0	479	
12	0	0	0	0	489	
13	0	0	0	0	486	
14	0	0	0	0	476	
15	0	0	0	0	467	
0	0	0	0	0	468	
1	0	0	0	0	458	
2	0	0	0	0	440	
3	0	0	0	0	444	
4	0	0	0	0	456	
5	0	0	0	0	447	
6	0	0	0	0	436	
7	0	0	0	0	444	
8	0	0	0	0	456	
9	0	0	0	0	460	
10	0	0	0	0	460	
11	0	0	0	0	474	
12	0	0	0	0	492	
13	0	0	0	0	493	
14	0	0	0	0	489	
15	0	0	0	0	495	
0	0	0	0	0	516	
1	0	0	0	0	519	
2	0	0	0	0	516	
3	0	0	0	0	522	
4	0	0	0	0	527	
5	0	0	0	0	524	
6	0	0	0	0	518	
7	0	0	0	0	523	
8	0	0	0	0	528	
9	0	0	0	0	523	
10	0	0	0	0	517	
11	0	0	0	0	517	
12	0	0	0	0	517	
13	0	0	0	0	513	
14	0	0	0	0	509	
15	0	0	0	0	515	
0	0	0	0	0	511	
1	0	0	0	0	496	
2	0	0	0	0	487	
3	0	0	0	0	501	
4	0	0	0	0	502	
5	0	0	0	0	494	
6	0	0	0	0	488	
7	0	0	0	0	485	
8	0	0	0	0	487	
9	0	0	0	0	486	
10	0	0	0	0	477	
11	0	0	0	0	478	
12	0	0	0	0	480	
13	0	0	0	0	472	
14	0	0	0	0	465	
15	0	0	0	0	473	
0	0	0	0	0	471	
1	0	0	0	0	464	
2	0	0	0	0	459	
3	0	0	0	0	472	
4	0	0	0	0	472	
5	0	0	0	0	462	
6	0	0	0	0	469	
7	0	0	0	0	481	
8	0	0	0	0	486	
9	0	0	0	0	479	
10	0	0	0	0	472	
11	0	0	0	0	480	
12	0	0	0	0	487	
13	0	0	0	0	480	
14	0	0	0	0	468	
15	0	0	0	0	481	
0	0	0	0	0	492	
1	0	0	0	0	500	
2	0	0	0	0	517	
3	0	0	0	0	522	
4	0	0	0	0	493	
5	0	0	0	0	467	
6	0	0	0	0	471	
7	0	0	0	0	478	
8	0	0	0	0	478	
9	0	0	0	0	476	
10	0	0	0	0	479	
11	0	0	0	0	489	
12	0	0	0	0	489	
13	0	0	0	0	483	
14	0	0	0	0	482	
15	0	0	0	0	486	
0	0	0	0	0	492	
1	0	0	0	0	490	
2	0	0	0	0	488	
3	0	0	0	0	494	
4	0	0	0	0	498	
5	0	0	0	0	491	
6	0	0	0	0	483	
7	0	0	0	0	487	
8	0	0	0	0	495	
9	0	0	0	0	489	
10	0	0	0	0	479	
11	0	0	0	0	483	
12	0	0	0	0	490	
13	0	0	0	0	483	
14	0	0	0	0	476	
15	0	0	0	0	487	
0	0	0	0	0	493	
1	0	0	0	0	487	
2	0	0	0	0	469	
3	0	0	0	0	483	
4	0	0	0	0	491	
5	0	0	0	0	473	
6	0	0	0	0	472	
7	0	0	0	0	484	
8	0	0	0	0	472	
9	0	0	0	0	449	
10	0	0	0	0	432	
11	0	0	0	0	432	
12	0	0	0	0	435	
13	0	0	0	0	440	
14	0	0	0	0	441	
15	0	0	0	0	449	
0	0	0	0	0	480	
1	0	0	0	0	494	
2	0	0	0	0	480	
3	0	0	0	0	470	
4	0	0	0	0	481	
5	0	0	0	0	504	
6	0	0	0	0	531	
7	0	0	0	0	522	
8	0	0	0	0	517	
9	0	0	0	0	519	
10	0	0	0	0	515	
11	0	0	0	0	513	
12	0	0	0	0	513	
13	0	0	0	0	512	
14	0	0	0	0	515	
15	0	0	0	0	534	
0	0	0	0	0	550	
1	0	0	0	0	530	
2	0	0	0	0	506	
3	0	0	0	0	507	
4	0	0	0	0	501	
5	0	0	0	0	487	
6	0	0	0	0	480	
7	0	0	0	0	481	
8	0	0	0	0	483	
9	0	0	0	0	484	
10	0	0	0	0	480	
11	0	0	0	0	490	
12	0	0	0	0	497	
13	0	0	0	0	489	
14	0	0	0	0	479	
15	0	0	0	0	481	
0	0	0	0	0	489	
1	0	0	0	0	487	
2	0	0	0	0	483	
3	0	0	0	0	490	
4	0	0	0	0	497	
5	0	0	0	0	492	
6	0	0	0	0	485	
7	0	0	0	0	487	
8	0	0	0	0	492	
9	0	0	0	0	487	
10	0	0	0	0	478	
11	0	0	0	0	481	
12	0	0	0	0	488	
13	0	0	0	0	484	
14	0	0	0	0	476	
15	0	0	0	0	485	
0	0	0	0	0	493	
1	0	0	0	0	490	
2	0	0	0	0	489	
3	0	0	0	0	500	
4	0	0	0	0	506	
5	0	0	0	0	497	
6	0	0	0	0	482	
7	0	0	0	0	484	
8	0	0	0	0	485	
9	0	0	0	0	471	
10	0	0	0	0	451	
11	0	0	0	0	465	
12	0	0	0	0	512	
13	0	0	0	0	500	
14	0	0	0	0	539	
15	0	0	0	0	537	
0	0	0	0	0	480	
1	0	0	0	0	455	
2	0	0	0	0	474	
3	0	0	0	0	480	
4	0	0	0	0	496	
5	0	0	0	0	513	
6	0	0	0	0	506	
7	0	0	0	0	502	
8	0	0	0	0	508	
9	0	0	0	0	496	
10	0	0	0	0	481	
11	0	0	0	0	495	
12	0	0	0	0	515	
13	0	0	0	0	519	
14	0	0	0	0	518	
15	0	0	0	0	528	
0	0	0	0	0	525	
1	0	0	0	0	514	
2	0	0	0	0	507	
3	0	0	0	0	508	
4	0	0	0	0	504	
5	0	0	0	0	491	
6	0	0	0	0	480	
7	0	0	0	0	487	
8	0	0	0	0	515	
9	0	0	0	0	537	
10	0	0	0	0	550	
11	0	0	0	0	542	
12	0	0	0	0	526	
13	0	0	0	0	507	
14	0	0	0	0	484	
15	0	0	0	0	499	
0	0	0	0	0	519	
1	0	0	0	0	515	
2	0	0	0	0	511	
3	0	0	0	0	523	
4	0	0	0	0	528	
5	0	0	0	0	519	
6	0	0	0	0	508	
7	0	0	0	0	508	
8	0	0	0	0	508	
9	0	0	0	0	499	
10	0	0	0	0	492	
11	0	0	0	0	497	
12	0	0	0	0	507	
13	0	0	0	0	508	
14	0	0	0	0	507	
15	0	0	0	0	512	
0	0	0	0	0	510	
1	0	0	0	0	501	
2	0	0	0	0	486	
3	0	0	0	0	480	
4	0	0	0	0	484	
5	0	0	0	0	478	
6	0	0	0	0	476	
7	0	0	0	0	486	
8	0	0	0	0	490	
9	0	0	0	0	490	
10	0	0	0	0	494	
11	0	0	0	0	505	
12	0	0	0	0	500	
13	0	0	0	0	492	
14	0	0	0	0	490	
15	0	0	0	0	497	
0	0	0	0	0	504	
1	0	0	0	0	503	
2	0	0	0	0	496	
3	0	0	0	0	496	
4	0	0	0	0	502	
5	0	0	0	0	500	
6	0	0	0	0	499	
7	0	0	0	0	512	
8	0	0	0	0	518	
9	0	0	0	0	501	
10	0	0	0	0	496	
11	0	0	0	0	507	
12	0	0	0	0	511	
13	0	0	0	0	507	
14	0	0	0	0	500	
15	0	0	0	0	507	
0	0	0	0	0	515	
1	0	0	0	0	512	
2	0	0	0	0	502	
3	0	0	0	0	503	
4	0	0	0	0	508	
5	0	0	0	0	506	
6	0	0	0	0	507	
7	0	0	0	0	514	
8	0	0	0	0	516	
9	0	0	0	0	510	
10	0	0	0	0	502	
11	0	0	0	0	508	
12	0	0	0	0	511	
13	0	0	0	0	514	
14	0	0	0	0	519	
15	0	0	0	0	524	
0	0	0	0	0	517	
1	0	0	0	0	508	
2	0	0	0	0	506	
3	0	0	0	0	521	
4	0	0	0	0	537	
5	0	0	0	0	542	
6	0	0	0	0	531	
7	0	0	0	0	509	
8	0	0	0	0	506	
9	0	0	0	0	507	
10	0	0	0	0	499	
11	0	0	0	0	499	
12	0	0	0	0	499	
13	0	0	0	0	496	
14	0	0	0	0	495	
15	0	0	0	0	500	
0	0	0	0	0	504	
1	0	0	0	0	497	
2	0	0	0	0	492	
3	0	0	0	0	500	
4	0	0	0	0	508	
5	0	0	0	0	498	
6	0	0	0	0	492	
7	0	0	0	0	496	
8	0	0	0	0	503	
9	0	0	0	0	504	
10	0	0	0	0	505	
11	0	0	0	0	507	
12	0	0	0	0	505	
13	0	0	0	0	494	
14	0	0	0	0	488	
15	0	0	0	0	498	
0	0	0	0	0	512	
1	0	0	0	0	510	
2	0	0	0	0	503	
3	0	0	0	0	510	
4	0	0	0	0	512	
5	0	0	0	0	513	
6	0	0	0	0	511	
7	0	0	0	0	509	
8	0	0	0	0	522	
9	0	0	0	0	513	
10	0	0	0	0	508	
11	0	0	0	0	516	
12	0	0	0	0	524	
13	0	0	0	0	519	
14	0	0	0	0	496	
15	0	0	0	0	486	
0	0	0	0	0	484	
1	0	0	0	0	469	
2	0	0	0	0	453	
3	0	0	0	0	450	
4	0	0	0	0	462	
5	0	0	0	0	471	
6	0	0	0	0	481	
7	0	0	0	0	491	
8	0	0	0	0	502	
9	0	0	0	0	500	
10	0	0	0	0	487	
11	0	0	0	0	489	
12	0	0	0	0	488	
13	0	0	0	0	480	
14	0	0	0	0	467	
15	0	0	0	0	467	
0	0	0	0	0	488	
1	0	0	0	0	488	
2	0	0	0	0	473	
3	0	0	0	0	478	
4	0	0	0	0	497	
5	0	0	0	0	492	
6	0	0	0	0	489	
7	0	0	0	0	489	
8	0	0	0	0	505	
9	0	0	0	0	489	
10	0	0	0	0	504	
11	0	0	0	0	516	
12	0	0	0	0	517	
13	0	0	0	0	502	
14	0	0	0	0	498	
15	0	0	0	0	504	
0	0	0	0	0	504	
1	0	0	0	0	496	
2	0	0	0	0	496	
3	0	0	0	0	504	
4	0	0	0	0	513	
5	0	0	0	0	505	
6	0	0	0	0	496	
7	0	0	0	0	501	
8	0	0	0	0	507	
9	0	0	0	0	499	
10	0	0	0	0	490	
11	0	0	0	0	495	
12	0	0	0	0	499	
13	0	0	0	0	493	
14	0	0	0	0	486	
15	0	0	0	0	493	
0	0	0	0	0	492	
1	0	0	0	0	483	
2	0	0	0	0	479	
3	0	0	0	0	486	
4	0	0	0	0	500	
5	0	0	0	0	505	
6	0	0	0	0	498	
7	0	0	0	0	496	
8	0	0	0	0	499	
9	0	0	0	0	492	
10	0	0	0	0	487	
11	0	0	0	0	492	
12	0	0	0	0	497	
13	0	0	0	0	497	
14	0	0	0	0	493	
15	0	0	0	0	502	
0	0	0	0	0	517	
1	0	0	0	0	516	
2	0	0	0	0	516	
3	0	0	0	0	523	
4	0	0	0	0	531	
5	0	0	0	0	520	
6	0	0	0	0	502	
7	0	0	0	0	493	
8	0	0	0	0	501	
9	0	0	0	0	496	
10	0	0	0	0	484	
11	0	0	0	0	494	
12	0	0	0	0	511	
13	0	0	0	0	513	
14	0	0	0	0	521	
15	0	0	0	0	535	
0	0	0	0	0	520	
1	0	0	0	0	501	
2	0	0	0	0	487	
3	0	0	0	0	488	
4	0	0	0	0	480	
5	0	0	0	0	482	
6	0	0	0	0	483	
7	0	0	0	0	496	
8	0	0	0	0	503	
9	0	0	0	0	498	
10	0	0	0	0	496	
11	0	0	0	0	492	
12	0	0	0	0	493	
13	0	0	0	0	482	
14	0	0	0	0	463	
15	0	0	0	0	472	
0	0	0	0	0	484	
1	0	0	0	0	487	
2	0	0	0	0	480	
3	0	0	0	0	484	
4	0	0	0	0	490	
5	0	0	0	0	481	
6	0	0	0	0	472	
7	0	0	0	0	474	
8	0	0	0	0	480	
9	0	0	0	0	480	
10	0	0	0	0	480	
11	0	0	0	0	490	
12	0	0	0	0	495	
13	0	0	0	0	491	
14	0	0	0	0	484	
15	0	0	0	0	489	
0	0	0	0	0	496	
1	0	0	0	0	492	
2	0	0	0	0	487	
3	0	0	0	0	492	
4	0	0	0	0	495	
5	0	0	0	0	494	
6	0	0	0	0	499	
7	0	0	0	0	516	
8	0	0	0	0	510	
9	0	0	0	0	494	
10	0	0	0	0	487	
11	0	0	0	0	480	
12	0	0	0	0	492	
13	0	0	0	0	489	
14	0	0	0	0	484	
15	0	0	0	0	491	
0	0	0	0	0	496	
1	0	0	0	0	489	
2	0	0	0	0	482	
3	0	0	0	0	486	
4	0	0	0	0	490	
5	0	0	0	0	483	
6	0	0	0	0	476	
7	0	0	0	0	485	
8	0	0	0	0	493	
9	0	0	0	0	489	
10	0	0	0	0	486	
11	0	0	0	0	493	
12	0	0	0	0	500	
13	0	0	0	0	498	
14	0	0	0	0	494	
15	0	0	0	0	496	
0	0	0	0	0	496	
1	0	0	0	0	483	
2	0	0	0	0	475	
3	0	0	0	0	482	
4	0	0	0	0	495	
5	0	0	0	0	495	
6	0	0	0	0	486	
7	0	0	0	0	488	
8	0	0	0	0	487	
9	0	0	0	0	471	
10	0	0	0	0	463	
11	0	0	0	0	465	
12	0	0	0	0	456	
13	0	0	0	0	436	
14	0	0	0	0	447	
15	0	0	0	0	476	
0	0	0	0	0	483	
1	0	0	0	0	480	
2	0	0	0	0	472	
3	0	0	0	0	484	
4	0	0	0	0	500	
5	0	0	0	0	497	
6	0	0	0	0	495	
7	0	0	0	0	502	
8	0	0	0	0	509	
9	0	0	0	0	510	
10	0	0	0	0	513	
11	0	0	0	0	528	
12	0	0	0	0	537	
13	0	0	0	0	521	
14	0	0	0	0	507	
15	0	0	0	0	492	
0	0	0	0	0	492	
1	0	0	0	0	518	
2	0	0	0	0	575	
3	0	0	0	0	576	
4	0	0	0	0	532	
5	0	0	0	0	497	
6	0	0	0	0	480	
7	0	0	0	0	492	
8	0	0	0	0	504	
9	0	0	0	0	501	
10	0	0	0	0	509	
11	0	0	0	0	529	
12	0	0	0	0	537	
13	0	0	0	0	532	
14	0	0	0	0	522	
15	0	0	0	0	516	
0	0	0	0	0	515	
1	0	0	0	0	516	
2	0	0	0	0	518	
3	0	0	0	0	528	
4	0	0	0	0	532	
5	0	0	0	0	526	
6	0	0	0	0	517	
7	0	0	0	0	520	
8	0	0	0	0	527	
9	0	0	0	0	516	
10	0	0	0	0	506	
11	0	0	0	0	507	
12	0	0	0	0	510	
13	0	0	0	0	507	
14	0	0	0	0	505	
15	0	0	0	0	511	
0	0	0	0	0	516	
1	0	0	0	0	511	
2	0	0	0	0	504	
3	0	0	0	0	508	
4	0	0	0	0	509	
5	0	0	0	0	496	
6	0	0	0	0	491	
7	0	0	0	0	494	
8	0	0	0	0	499	
9	0	0	0	0	500	
10	0	0	0	0	513	
11	0	0	0	0	531	
12	0	0	0	0	531	
13	0	0	0	0	514	
14	0	0	0	0	504	
15	0	0	0	0	502	
0	0	0	0	0	499	
1	0	0	0	0	492	
2	0	0	0	0	497	
3	0	0	0	0	519	
4	0	0	0	0	521	
5	0	0	0	0	515	
6	0	0	0	0	508	
7	0	0	0	0	507	
8	0	0	0	0	512	
9	0	0	0	0	512	
10	0	0	0	0	505	
11	0	0	0	0	506	
12	0	0	0	0	511	
13	0	0	0	0	510	
14	0	0	0	0	510	
15	0	0	0	0	520	
0	0	0	0	0	521	
1	0	0	0	0	512	
2	0	0	0	0	500	
3	0	0	0	0	497	
4	0	0	0	0	505	
5	0	0	0	0	499	
6	0	0	0	0	489	
7	0	0	0	0	499	
8	0	0	0	0	524	
9	0	0	0	0	515	
10	0	0	0	0	504	
11	0	0	0	0	513	
12	0	0	0	0	517	
13	0	0	0	0	506	
14	0	0	0	0	500	
15	0	0	0	0	516	
0	0	0	0	0	528	
1	0	0	0	0	513	
2	0	0	0	0	506	
3	0	0	0	0	521	
4	0	0	0	0	561	
5	0	0	0	0	572	
6	0	0	0	0	510	
7	0	0	0	0	499	
8	0	0	0	0	492	
9	0	0	0	0	491	
10	0	0	0	0	524	
11	0	0	0	0	585	
12	0	0	0	0	550	
13	0	0	0	0	500	
14	0	0	0	0	520	
15	0	0	0	0	499	
0	0	0	0	0	474	
1	0	0	0	0	482	
2	0	0	0	0	481	
3	0	0	0	0	491	
4	0	0	0	0	493	
5	0	0	0	0	465	
6	0	0	0	0	464	
7	0	0	0	0	501	
8	0	0	0	0	500	
9	0	0	0	0	485	
10	0	0	0	0	479	
11	0	0	0	0	488	
12	0	0	0	0	495	
13	0	0	0	0	487	
14	0	0	0	0	476	
15	0	0	0	0	482	
0	0	0	0	0	490	
1	0	0	0	0	491	
2	0	0	0	0	486	
3	0	0	0	0	491	
4	0	0	0	0	495	
5	0	0	0	0	484	
6	0	0	0	0	474	
7	0	0	0	0	480	
8	0	0	0	0	488	
9	0	0	0	0	482	
10	0	0	0	0	476	
11	0	0	0	0	481	
12	0	0	0	0	487	
13	0	0	0	0	483	
14	0	0	0	0	478	
15	0	0	0	0	481	
0	0	0	0	0	487	
1	0	0	0	0	481	
2	0	0	0	0	476	
3	0	0	0	0	483	
4	0	0	0	0	487	
5	0	0	0	0	487	
6	0	0	0	0	482	
7	0	0	0	0	487	
8	0	0	0	0	488	
9	0	0	0	0	480	
10	0	0	0	0	470	
11	0	0	0	0	473	
12	0	0	0	0	482	
13	0	0	0	0	479	
14	0	0	0	0	476	
15	0	0	0	0	482	
0	0	0	0	0	486	
1	0	0	0	0	485	
2	0	0	0	0	473	
3	0	0	0	0	479	
4	0	0	0	0	486	
5	0	0	0	0	482	
6	0	0	0	0	478	
7	0	0	0	0	483	
8	0	0	0	0	483	
9	0	0	0	0	480	
10	0	0	0	0	471	
11	0	0	0	0	477	
12	0	0	0	0	482	
13	0	0	0	0	478	
14	0	0	0	0	475	
15	0	0	0	0	483	
0	0	0	0	0	485	
1	0	0	0	0	477	
2	0	0	0	0	473	
3	0	0	0	0	478	
4	0	0	0	0	486	
5	0	0	0	0	481	
6	0	0	0	0	474	
7	0	0	0	0	481	
8	0	0	0	0	484	
9	0	0	0	0	479	
10	0	0	0	0	475	
11	0	0	0	0	480	
12	0	0	0	0	486	
13	0	0	0	0	479	
14	0	0	0	0	475	
15	0	0	0	0	484	
0	0	0	0	0	492	
1	0	0	0	0	489	
2	0	0	0	0	487	
3	0	0	0	0	488	
4	0	0	0	0	489	
5	0	0	0	0	481	
6	0	0	0	0	475	
7	0	0	0	0	483	
8	0	0	0	0	490	
9	0	0	0	0	484	
10	0	0	0	0	479	
11	0	0	0	0	487	
12	0	0	0	0	491	
13	0	0	0	0	487	
14	0	0	0	0	479	
15	0	0	0	0	483	
0	0	0	0	0	487	
1	0	0	0	0	483	
2	0	0	0	0	480	
3	0	0	0	0	488	
4	0	0	0	0	494	
5	0	0	0	0	490	
6	0	0	0	0	486	
7	0	0	0	0	496	
8	0	0	0	0	497	
9	0	0	0	0	485	
10	0	0	0	0	481	
11	0	0	0	0	492	
12	0	0	0	0	502	
13	0	0	0	0	501	
14	0	0	0	0	499	
15	0	0	0	0	510	
0	0	0	0	0	510	
1	0	0	0	0	501	
2	0	0	0	0	494	
3	0	0	0	0	511	
4	0	0	0	0	491	
5	0	0	0	0	494	
6	0	0	0	0	496	
7	0	0	0	0	504	
8	0	0	0	0	498	
9	0	0	0	0	500	
10	0	0	0	0	504	
11	0	0	0	0	499	
12	0	0	0	0	495	
13	0	0	0	0	493	
14	0	0	0	0	491	
15	0	0	0	0	490	
0	0	0	0	0	501	
1	0	0	0	0	508	
2	0	0	0	0	511	
3	0	0	0	0	515	
4	0	0	0	0	524	
5	0	0	0	0	524	
6	0	0	0	0	517	
7	0	0	0	0	514	
8	0	0	0	0	515	
9	0	0	0	0	511	
10	0	0	0	0	504	
11	0	0	0	0	510	
12	0	0	0	0	520	
13	0	0	0	0	525	
14	0	0	0	0	522	
15	0	0	0	0	531	
0	0	0	0	0	537	
1	0	0	0	0	529	
2	0	0	0	0	515	
3	0	0	0	0	516	
4	0	0	0	0	519	
5	0	0	0	0	513	
6	0	0	0	0	516	
7	0	0	0	0	519	
8	0	0	0	0	523	
9	0	0	0	0	545	
10	0	0	0	0	563	
11	0	0	0	0	541	
12	0	0	0	0	522	
13	0	0	0	0	529	
14	0	0	0	0	525	
15	0	0	0	0	519	
0	0	0	0	0	521	
1	0	0	0	0	515	
2	0	0	0	0	522	
3	0	0	0	0	544	
4	0	0	0	0	555	
5	0	0	0	0	537	
6	0	0	0	0	536	
7	0	0	0	0	547	
8	0	0	0	0	547	
9	0	0	0	0	540	
10	0	0	0	0	535	
11	0	0	0	0	540	
12	0	0	0	0	548	
13	0	0	0	0	548	
14	0	0	0	0	541	
15	0	0	0	0	545	
0	0	0	0	0	552	
1	0	0	0	0	555	
2	0	0	0	0	553	
3	0	0	0	0	553	
4	0	0	0	0	550	
5	0	0	0	0	543	
6	0	0	0	0	542	
7	0	0	0	0	544	
8	0	0	0	0	543	
9	0	0	0	0	530	
10	0	0	0	0	523	
11	0	0	0	0	526	
12	0	0	0	0	526	
13	0	0	0	0	520	
14	0	0	0	0	516	
15	0	0	0	0	521	
0	0	0	0	0	519	
1	0	0	0	0	506	
2	0	0	0	0	499	
3	0	0	0	0	511	
4	0	0	0	0	515	
5	0	0	0	0	511	
6	0	0	0	0	500	
7	0	0	0	0	491	
8	0	0	0	0	492	
9	0	0	0	0	490	
10	0	0	0	0	486	
11	0	0	0	0	503	
12	0	0	0	0	512	
13	0	0	0	0	502	
14	0	0	0	0	496	
15	0	0	0	0	499	
0	0	0	0	0	501	
1	0	0	0	0	492	
2	0	0	0	0	479	
3	0	0	0	0	478	
4	0	0	0	0	486	
5	0	0	0	0	478	
6	0	0	0	0	468	
7	0	0	0	0	502	
8	0	0	0	0	529	
9	0	0	0	0	526	
10	0	0	0	0	519	
11	0	0	0	0	507	
12	0	0	0	0	489	
13	0	0	0	0	463	
14	0	0	0	0	478	
15	0	0	0	0	543	
0	0	0	0	0	565	
1	0	0	0	0	504	
2	0	0	0	0	487	
3	0	0	0	0	557	
4	0	0	0	0	552	
5	0	0	0	0	513	
6	0	0	0	0	516	
7	0	0	0	0	527	
8	0	0	0	0	556	
9	0	0	0	0	519	
10	0	0	0	0	471	
11	0	0	0	0	462	
12	0	0	0	0	471	
13	0	0	0	0	475	
14	0	0	0	0	486	
15	0	0	0	0	488	
0	0	0	0	0	485	
1	0	0	0	0	504	
2	0	0	0	0	513	
3	0	0	0	0	489	
4	0	0	0	0	487	
5	0	0	0	0	482	
6	0	0	0	0	485	
7	0	0	0	0	496	
8	0	0	0	0	498	
9	0	0	0	0	496	
10	0	0	0	0	501	
11	0	0	0	0	499	
12	0	0	0	0	488	
13	0	0	0	0	481	
14	0	0	0	0	479	
15	0	0	0	0	488	
0	0	0	0	0	501	
1	0	0	0	0	497	
2	0	0	0	0	488	
3	0	0	0	0	498	
4	0	0	0	0	504	
5	0	0	0	0	492	
6	0	0	0	0	483	
7	0	0	0	0	484	
8	0	0	0	0	486	
9	0	0	0	0	484	
10	0	0	0	0	480	
11	0	0	0	0	488	
12	0	0	0	0	499	
13	0	0	0	0	495	
14	0	0	0	0	495	
15	0	0	0	0	500	
0	0	0	0	0	498	
1	0	0	0	0	494	
2	0	0	0	0	486	
3	0	0	0	0	489	
4	0	0	0	0	503	
5	0	0	0	0	504	
6	0	0	0	0	495	
7	0	0	0	0	497	
8	0	0	0	0	505	
9	0	0	0	0	500	
10	0	0	0	0	492	
11	0	0	0	0	502	
12	0	0	0	0	519	
13	0	0	0	0	519	
14	0	0	0	0	527	
15	0	0	0	0	520	
0	0	0	0	0	501	
1	0	0	0	0	472	
2	0	0	0	0	464	
3	0	0	0	0	499	
4	0	0	0	0	502	
5	0	0	0	0	464	
6	0	0	0	0	470	
7	0	0	0	0	486	
8	0	0	0	0	486	
9	0	0	0	0	453	
10	0	0	0	0	435	
11	0	0	0	0	483	
12	0	0	0	0	491	
13	0	0	0	0	446	
14	0	0	0	0	467	
15	0	0	0	0	457	
0	0	0	0	0	447	
1	0	0	0	0	442	
2	0	0	0	0	472	
3	0	0	0	0	506	
4	0	0	0	0	503	
5	0	0	0	0	482	
6	0	0	0	0	497	
7	0	0	0	0	519	
8	0	0	0	0	524	
9	0	0	0	0	511	
10	0	0	0	0	501	
11	0	0	0	0	513	
12	0	0	0	0	524	
13	0	0	0	0	518	
14	0	0	0	0	506	
15	0	0	0	0	514	
0	0	0	0	0	528	
1	0	0	0	0	534	
2	0	0	0	0	523	
3	0	0	0	0	521	
4	0	0	0	0	519	
5	0	0	0	0	518	
6	0	0	0	0	515	
7	0	0	0	0	521	
8	0	0	0	0	528	
9	0	0	0	0	526	
10	0	0	0	0	521	
11	0	0	0	0	525	
12	0	0	0	0	526	
13	0	0	0	0	519	
14	0	0	0	0	513	
15	0	0	0	0	518	
0	0	0	0	0	520	
1	0	0	0	0	513	
2	0	0	0	0	500	
3	0	0	0	0	494	
4	0	0	0	0	489	
5	0	0	0	0	475	
6	0	0	0	0	460	
7	0	0	0	0	476	
8	0	0	0	0	491	
9	0	0	0	0	494	
10	0	0	0	0	490	
11	0	0	0	0	503	
12	0	0	0	0	509	
13	0	0	0	0	506	
14	0	0	0	0	497	
15	0	0	0	0	485	
0	0	0	0	0	476	
1	0	0	0	0	468	
2	0	0	0	0	449	
3	0	0	0	0	453	
4	0	0	0	0	453	
5	0	0	0	0	451	
6	0	0	0	0	444	
7	0	0	0	0	452	
8	0	0	0	0	461	
9	0	0	0	0	458	
10	0	0	0	0	454	
11	0	0	0	0	463	
12	0	0	0	0	472	
13	0	0	0	0	472	
14	0	0	0	0	476	
15	0	0	0	0	479	
0	0	0	0	0	477	
1	0	0	0	0	474	
2	0	0	0	0	464	
3	0	0	0	0	472	
4	0	0	0	0	488	
5	0	0	0	0	484	
6	0	0	0	0	484	
7	0	0	0	0	482	
8	0	0	0	0	468	
9	0	0	0	0	470	
10	0	0	0	0	489	
11	0	0	0	0	497	
12	0	0	0	0	482	
13	0	0	0	0	470	
14	0	0	0	0	479	
15	0	0	0	0	534	
0	0	0	0	0	547	
1	0	0	0	0	512	
2	0	0	0	0	470	
3	0	0	0	0	466	
4	0	0	0	0	492	
5	0	0	0	0	481	
6	0	0	0	0	465	
7	0	0	0	0	492	
8	0	0	0	0	510	
9	0	0	0	0	489	
10	0	0	0	0	472	
11	0	0	0	0	477	
12	0	0	0	0	487	
13	0	0	0	0	485	
14	0	0	0	0	485	
15	0	0	0	0	493	
0	0	0	0	0	497	
1	0	0	0	0	490	
2	0	0	0	0	482	
3	0	0	0	0	487	
4	0	0	0	0	497	
5	0	0	0	0	496	
6	0	0	0	0	489	
7	0	0	0	0	493	
8	0	0	0	0	493	
9	0	0	0	0	481	
10	0	0	0	0	468	
11	0	0	0	0	482	
12	0	0	0	0	505	
13	0	0	0	0	518	
14	0	0	0	0	507	
15	0	0	0	0	494	
0	0	0	0	0	476	
1	0	0	0	0	470	
2	0	0	0	0	473	
3	0	0	0	0	495	
4	0	0	0	0	491	
5	0	0	0	0	468	
6	0	0	0	0	449	
7	0	0	0	0	436	
8	0	0	0	0	446	
9	0	0	0	0	450	
10	0	0	0	0	453	
11	0	0	0	0	456	
12	0	0	0	0	452	
13	0	0	0	0	445	
14	0	0	0	0	574	
15	0	0	0	0	539	
0	0	0	0	0	463	
1	0	0	0	0	461	
2	0	0	0	0	466	
3	0	0	0	0	476	
4	0	0	0	0	484	
5	0	0	0	0	480	
6	0	0	0	0	479	
7	0	0	0	0	487	
8	0	0	0	0	492	
9	0	0	0	0	489	
10	0	0	0	0	495	
11	0	0	0	0	519	
12	0	0	0	0	552	
13	0	0	0	0	558	
14	0	0	0	0	527	
15	0	0	0	0	513	
0	0	0	0	0	515	
1	0	0	0	0	517	
2	0	0	0	0	523	
3	0	0	0	0	542	
4	0	0	0	0	553	
5	0	0	0	0	540	
6	0	0	0	0	514	
7	0	0	0	0	513	
8	0	0	0	0	525	
9	0	0	0	0	522	
10	0	0	0	0	515	
11	0	0	0	0	526	
12	0	0	0	0	532	
13	0	0	0	0	520	
14	0	0	0	0	508	
15	0	0	0	0	511	
0	0	0	0	0	511	
1	0	0	0	0	502	
2	0	0	0	0	492	
3	0	0	0	0	496	
4	0	0	0	0	499	
5	0	0	0	0	490	
6	0	0	0	0	479	
7	0	0	0	0	483	
8	0	0	0	0	497	
9	0	0	0	0	507	
10	0	0	0	0	501	
11	0	0	0	0	487	
12	0	0	0	0	471	
13	0	0	0	0	465	
14	0	0	0	0	455	
15	0	0	0	0	455	
0	0	0	0	0	460	
1	0	0	0	0	454	
2	0	0	0	0	457	
3	0	0	0	0	482	
4	0	0	0	0	492	
5	0	0	0	0	498	
6	0	0	0	0	552	
7	0	0	0	0	553	
8	0	0	0	0	499	
9	0	0	0	0	463	
10	0	0	0	0	483	
11	0	0	0	0	502	
12	0	0	0	0	497	
13	0	0	0	0	486	
14	0	0	0	0	497	
15	0	0	0	0	514	
0	0	0	0	0	555	
1	0	0	0	0	519	
2	0	0	0	0	486	
3	0	0	0	0	497	
4	0	0	0	0	524	
5	0	0	0	0	524	
6	0	0	0	0	507	
7	0	0	0	0	495	
8	0	0	0	0	454	
9	0	0	0	0	505	
10	0	0	0	0	595	
11	0	0	0	0	594	
12	0	0	0	0	504	
13	0	0	0	0	529	
14	0	0	0	0	529	
15	0	0	0	0	515	
0	0	0	0	0	525	
1	0	0	0	0	517	
2	0	0	0	0	515	
3	0	0	0	0	521	
4	0	0	0	0	537	
5	0	0	0	0	524	
6	0	0	0	0	509	
7	0	0	0	0	515	
8	0	0	0	0	520	
9	0	0	0	0	508	
10	0	0	0	0	504	
11	0	0	0	0	511	
12	0	0	0	0	510	
13	0	0	0	0	503	
14	0	0	0	0	499	
15	0	0	0	0	508	
0	0	0	0	0	514	
1	0	0	0	0	511	
2	0	0	0	0	504	
3	0	0	0	0	508	
4	0	0	0	0	514	
5	0	0	0	0	513	
6	0	0	0	0	513	
7	0	0	0	0	522	
8	0	0	0	0	529	
9	0	0	0	0	534	
10	0	0	0	0	538	
11	0	0	0	0	544	
12	0	0	0	0	548	
13	0	0	0	0	545	
14	0	0	0	0	535	
15	0	0	0	0	532	
0	0	0	0	0	532	
1	0	0	0	0	525	
2	0	0	0	0	501	
3	0	0	0	0	484	
4	0	0	0	0	477	
5	0	0	0	0	483	
6	0	0	0	0	480	
7	0	0	0	0	463	
8	0	0	0	0	443	
9	0	0	0	0	446	
10	0	0	0	0	457	
11	0	0	0	0	472	
12	0	0	0	0	479	
13	0	0	0	0	480	
14	0	0	0	0	504	
15	0	0	0	0	488	
0	0	0	0	0	461	
1	0	0	0	0	469	
2	0	0	0	0	479	
3	0	0	0	0	489	
4	0	0	0	0	499	
5	0	0	0	0	490	
6	0	0	0	0	464	
7	0	0	0	0	471	
8	0	0	0	0	478	
9	0	0	0	0	473	
10	0	0	0	0	475	
11	0	0	0	0	483	
12	0	0	0	0	496	
13	0	0	0	0	501	
14	0	0	0	0	519	
15	0	0	0	0	515	
0	0	0	0	0	527	
1	0	0	0	0	518	
2	0	0	0	0	493	
3	0	0	0	0	505	
4	0	0	0	0	517	
5	0	0	0	0	491	
6	0	0	0	0	484	
7	0	0	0	0	486	
8	0	0	0	0	481	
9	0	0	0	0	486	
10	0	0	0	0	489	
11	0	0	0	0	492	
12	0	0	0	0	487	
13	0	0	0	0	484	
14	0	0	0	0	486	
15	0	0	0	0	504	
0	0	0	0	0	517	
1	0	0	0	0	525	
2	0	0	0	0	518	
3	0	0	0	0	515	
4	0	0	0	0	516	
5	0	0	0	0	512	
6	0	0	0	0	508	
7	0	0	0	0	519	
8	0	0	0	0	526	
9	0	0	0	0	518	
10	0	0	0	0	511	
11	0	0	0	0	520	
12	0	0	0	0	527	
13	0	0	0	0	521	
14	0	0	0	0	517	
15	0	0	0	0	521	
0	0	0	0	0	526	
1	0	0	0	0	515	
2	0	0	0	0	508	
3	0	0	0	0	516	
4	0	0	0	0	523	
5	0	0	0	0	505	
6	0	0	0	0	475	
7	0	0	0	0	468	
8	0	0	0	0	476	
9	0	0	0	0	484	
10	0	0	0	0	544	
11	0	0	0	0	548	
12	0	0	0	0	474	
13	0	0	0	0	450	
14	0	0	0	0	438	
15	0	0	0	0	468	
0	0	0	0	0	512	
1	0	0	0	0	501	
2	0	0	0	0	471	
3	0	0	0	0	476	
4	0	0	0	0	487	
5	0	0	0	0	486	
6	0	0	0	0	463	
7	0	0	0	0	458	
8	0	0	0	0	474	
9	0	0	0	0	492	
10	0	0	0	0	492	
11	0	0	0	0	477	
12	0	0	0	0	479	
13	0	0	0	0	491	
14	0	0	0	0	485	
15	0	0	0	0	468	
0	0	0	0	0	453	
1	0	0	0	0	463	
2	0	0	0	0	492	
3	0	0	0	0	517	
4	0	0	0	0	528	
5	0	0	0	0	527	
6	0	0	0	0	515	
7	0	0	0	0	510	
8	0	0	0	0	508	
9	0	0	0	0	490	
10	0	0	0	0	476	
11	0	0	0	0	480	
12	0	0	0	0	486	
13	0	0	0	0	480	
14	0	0	0	0	480	
15	0	0	0	0	490	
0	0	0	0	0	498	
1	0	0	0	0	493	
2	0	0	0	0	486	
3	0	0	0	0	492	
4	0	0	0	0	501	
5	0	0	0	0	500	
6	0	0	0	0	490	
7	0	0	0	0	495	
8	0	0	0	0	503	
9	0	0	0	0	500	
10	0	0	0	0	493	
11	0	0	0	0	497	
12	0	0	0	0	501	
13	0	0	0	0	489	
14	0	0	0	0	472	
15	0	0	0	0	477	
0	0	0	0	0	485	
1	0	0	0	0	471	
2	0	0	0	0	461	
3	0	0	0	0	470	
4	0	0	0	0	471	
5	0	0	0	0	463	
6	0	0	0	0	486	
7	0	0	0	0	494	
8	0	0	0	0	493	
9	0	0	0	0	486	
10	0	0	0	0	479	
11	0	0	0	0	487	
12	0	0	0	0	495	
13	0	0	0	0	498	
14	0	0	0	0	497	
15	0	0	0	0	502	
0	0	0	0	0	513	
1	0	0	0	0	506	
2	0	0	0	0	482	
3	0	0	0	0	469	
4	0	0	0	0	471	
5	0	0	0	0	480	
6	0	0	0	0	495	
7	0	0	0	0	504	
8	0	0	0	0	508	
9	0	0	0	0	528	
10	0	0	0	0	526	
11	0	0	0	0	553	
12	0	0	0	0	568	
13	0	0	0	0	556	
14	0	0	0	0	536	
15	0	0	0	0	539	
0	0	0	0	0	547	
1	0	0	0	0	542	
2	0	0	0	0	538	
3	0	0	0	0	545	
4	0	0	0	0	551	
5	0	0	0	0	542	
6	0	0	0	0	529	
7	0	0	0	0	532	
8	0	0	0	0	529	
9	0	0	0	0	517	
10	0	0	0	0	504	
11	0	0	0	0	504	
12	0	0	0	0	504	
13	0	0	0	0	493	
14	0	0	0	0	483	
15	0	0	0	0	480	
0	0	0	0	0	471	
1	0	0	0	0	474	
2	0	0	0	0	470	
3	0	0	0	0	471	
4	0	0	0	0	478	
5	0	0	0	0	478	
6	0	0	0	0	476	
7	0	0	0	0	491	
8	0	0	0	0	504	
9	0	0	0	0	501	
10	0	0	0	0	489	
11	0	0	0	0	488	
12	0	0	0	0	490	
13	0	0	0	0	489	
14	0	0	0	0	489	
15	0	0	0	0	499	
0	0	0	0	0	510	
1	0	0	0	0	510	
2	0	0	0	0	499	
3	0	0	0	0	503	
4	0	0	0	0	503	
5	0	0	0	0	495	
6	0	0	0	0	498	
7	0	0	0	0	509	
8	0	0	0	0	511	
9	0	0	0	0	512	
10	0	0	0	0	518	
11	0	0	0	0	523	
12	0	0	0	0	522	
13	0	0	0	0	511	
14	0	0	0	0	499	
15	0	0	0	0	498	
0	0	0	0	0	504	
1	0	0	0	0	509	
2	0	0	0	0	523	
3	0	0	0	0	535	
4	0	0	0	0	535	
5	0	0	0	0	533	
6	0	0	0	0	525	
7	0	0	0	0	532	
8	0	0	0	0	528	
9	0	0	0	0	507	
10	0	0	0	0	493	
11	0	0	0	0	497	
12	0	0	0	0	511	
13	0	0	0	0	512	
14	0	0	0	0	506	
15	0	0	0	0	519	
0	0	0	0	0	520	
1	0	0	0	0	510	
2	0	0	0	0	517	
3	0	0	0	0	546	
4	0	0	0	0	547	
5	0	0	0	0	523	
6	0	0	0	0	524	
7	0	0	0	0	531	
8	0	0	0	0	528	
9	0	0	0	0	516	
10	0	0	0	0	506	
11	0	0	0	0	515	
12	0	0	0	0	527	
13	0	0	0	0	525	
14	0	0	0	0	524	
15	0	0	0	0	530	
0	0	0	0	0	530	
1	0	0	0	0	520	
2	0	0	0	0	510	
3	0	0	0	0	519	
4	0	0	0	0	525	
5	0	0	0	0	519	
6	0	0	0	0	514	
7	0	0	0	0	522	
8	0	0	0	0	527	
9	0	0	0	0	520	
10	0	0	0	0	519	
11	0	0	0	0	524	
12	0	0	0	0	529	
13	0	0	0	0	522	
14	0	0	0	0	509	
15	0	0	0	0	507	
0	0	0	0	0	515	
1	0	0	0	0	509	
2	0	0	0	0	493	
3	0	0	0	0	497	
4	0	0	0	0	496	
5	0	0	0	0	482	
6	0	0	0	0	474	
7	0	0	0	0	484	
8	0	0	0	0	495	
9	0	0	0	0	492	
10	0	0	0	0	481	
11	0	0	0	0	483	
12	0	0	0	0	504	
13	0	0	0	0	504	
14	0	0	0	0	495	
15	0	0	0	0	484	
0	0	0	0	0	463	
1	0	0	0	0	431	
2	0	0	0	0	431	
3	0	0	0	0	451	
4	0	0	0	0	485	
5	0	0	0	0	485	
6	0	0	0	0	500	
7	0	0	0	0	519	
8	0	0	0	0	510	
9	0	0	0	0	499	
10	0	0	0	0	498	
11	0	0	0	0	506	
12	0	0	0	0	510	
13	0	0	0	0	506	
14	0	0	0	0	504	
15	0	0	0	0	513	
0	0	0	0	0	522	
1	0	0	0	0	521	
2	0	0	0	0	516	
3	0	0	0	0	522	
4	0	0	0	0	527	
5	0	0	0	0	517	
6	0	0	0	0	500	
7	0	0	0	0	502	
8	0	0	0	0	507	
9	0	0	0	0	500	
10	0	0	0	0	489	
11	0	0	0	0	496	
12	0	0	0	0	512	
13	0	0	0	0	525	
14	0	0	0	0	524	
15	0	0	0	0	523	
0	0	0	0	0	518	
1	0	0	0	0	518	
2	0	0	0	0	515	
3	0	0	0	0	507	
4	0	0	0	0	490	
5	0	0	0	0	475	
6	0	0	0	0	469	
7	0	0	0	0	478	
8	0	0	0	0	489	
9	0	0	0	0	479	
10	0	0	0	0	476	
11	0	0	0	0	489	
12	0	0	0	0	499	
13	0	0	0	0	489	
14	0	0	0	0	520	
15	0	0	0	0	519	
0	0	0	0	0	476	
1	0	0	0	0	458	
2	0	0	0	0	456	
3	0	0	0	0	467	
4	0	0	0	0	475	
5	0	0	0	0	478	
6	0	0	0	0	482	
7	0	0	0	0	488	
8	0	0	0	0	492	
9	0	0	0	0	482	
10	0	0	0	0	473	
11	0	0	0	0	483	
12	0	0	0	0	495	
13	0	0	0	0	489	
14	0	0	0	0	488	
15	0	0	0	0	496	
0	0	0	0	0	497	
1	0	0	0	0	487	
2	0	0	0	0	486	
3	0	0	0	0	491	
4	0	0	0	0	492	
5	0	0	0	0	487	
6	0	0	0	0	479	
7	0	0	0	0	477	
8	0	0	0	0	475	
9	0	0	0	0	463	
10	0	0	0	0	463	
11	0	0	0	0	482	
12	0	0	0	0	487	
13	0	0	0	0	492	
14	0	0	0	0	504	
15	0	0	0	0	515	
0	0	0	0	0	522	
1	0	0	0	0	518	
2	0	0	0	0	505	
3	0	0	0	0	504	
4	0	0	0	0	510	
5	0	0	0	0	498	
6	0	0	0	0	486	
7	0	0	0	0	489	
8	0	0	0	0	487	
9	0	0	0	0	474	
10	0	0	0	0	473	
11	0	0	0	0	495	
12	0	0	0	0	514	
13	0	0	0	0	511	
14	0	0	0	0	504	
15	0	0	0	0	502	
0	0	0	0	0	500	
1	0	0	0	0	490	
2	0	0	0	0	483	
3	0	0	0	0	487	
4	0	0	0	0	504	
5	0	0	0	0	512	
6	0	0	0	0	510	
7	0	0	0	0	518	
8	0	0	0	0	522	
9	0	0	0	0	515	
10	0	0	0	0	508	
11	0	0	0	0	510	
12	0	0	0	0	509	
13	0	0	0	0	504	
14	0	0	0	0	498	
15	0	0	0	0	498	
0	0	0	0	0	497	
1	0	0	0	0	485	
2	0	0	0	0	481	
3	0	0	0	0	489	
4	0	0	0	0	492	
5	0	0	0	0	481	
6	0	0	0	0	472	
7	0	0	0	0	479	
8	0	0	0	0	487	
9	0	0	0	0	492	
10	0	0	0	0	493	
11	0	0	0	0	492	
12	0	0	0	0	486	
13	0	0	0	0	486	
14	0	0	0	0	497	
15	0	0	0	0	506	
0	0	0	0	0	514	
1	0	0	0	0	512	
2	0	0	0	0	508	
3	0	0	0	0	514	
4	0	0	0	0	519	
5	0	0	0	0	518	
6	0	0	0	0	513	
7	0	0	0	0	519	
8	0	0	0	0	528	
9	0	0	0	0	526	
10	0	0	0	0	522	
11	0	0	0	0	524	
12	0	0	0	0	520	
13	0	0	0	0	506	
14	0	0	0	0	493	
15	0	0	0	0	501	
0	0	0	0	0	512	
1	0	0	0	0	515	
2	0	0	0	0	516	
3	0	0	0	0	523	
4	0	0	0	0	527	
5	0	0	0	0	520	
6	0	0	0	0	516	
7	0	0	0	0	520	
8	0	0	0	0	519	
9	0	0	0	0	511	
10	0	0	0	0	509	
11	0	0	0	0	513	
12	0	0	0	0	513	
13	0	0	0	0	508	
14	0	0	0	0	504	
15	0	0	0	0	513	
0	0	0	0	0	516	
1	0	0	0	0	513	
2	0	0	0	0	508	
3	0	0	0	0	514	
4	0	0	0	0	519	
5	0	0	0	0	515	
6	0	0	0	0	513	
7	0	0	0	0	523	
8	0	0	0	0	529	
9	0	0	0	0	520	
10	0	0	0	0	511	
11	0	0	0	0	513	
12	0	0	0	0	516	
13	0	0	0	0	510	
14	0	0	0	0	504	
15	0	0	0	0	513	
0	0	0	0	0	519	
1	0	0	0	0	514	
2	0	0	0	0	505	
3	0	0	0	0	507	
4	0	0	0	0	512	
5	0	0	0	0	509	
6	0	0	0	0	503	
7	0	0	0	0	508	
8	0	0	0	0	514	
9	0	0	0	0	514	
10	0	0	0	0	515	
11	0	0	0	0	523	
12	0	0	0	0	526	
13	0	0	0	0	515	
14	0	0	0	0	506	
15	0	0	0	0	521	
0	0	0	0	0	541	
1	0	0	0	0	539	
2	0	0	0	0	529	
3	0	0	0	0	537	
4	0	0	0	0	545	
5	0	0	0	0	535	
6	0	0	0	0	525	
7	0	0	0	0	526	
8	0	0	0	0	527	
9	0	0	0	0	525	
10	0	0	0	0	528	
11	0	0	0	0	533	
12	0	0	0	0	534	
13	0	0	0	0	527	
14	0	0	0	0	519	
15	0	0	0	0	525	
0	0	0	0	0	531	
1	0	0	0	0	525	
2	0	0	0	0	519	
3	0	0	0	0	526	
4	0	0	0	0	531	
5	0	0	0	0	531	
6	0	0	0	0	516	
7	0	0	0	0	522	
8	0	0	0	0	527	
9	0	0	0	0	523	
10	0	0	0	0	515	
11	0	0	0	0	515	
12	0	0	0	0	520	
13	0	0	0	0	523	
14	0	0	0	0	518	
15	0	0	0	0	536	
0	0	0	0	0	552	
1	0	0	0	0	556	
2	0	0	0	0	530	
3	0	0	0	0	533	
4	0	0	0	0	538	
5	0	0	0	0	537	
6	0	0	0	0	527	
7	0	0	0	0	528	
8	0	0	0	0	535	
9	0	0	0	0	532	
10	0	0	0	0	528	
11	0	0	0	0	533	
12	0	0	0	0	538	
13	0	0	0	0	532	
14	0	0	0	0	527	
15	0	0	0	0	530	
0	0	0	0	0	533	
1	0	0	0	0	528	
2	0	0	0	0	525	
3	0	0	0	0	530	
4	0	0	0	0	535	
5	0	0	0	0	531	
6	0	0	0	0	528	
7	0	0	0	0	537	
8	0	0	0	0	542	
9	0	0	0	0	539	
10	0	0	0	0	539	
11	0	0	0	0	543	
12	0	0	0	0	549	
13	0	0	0	0	543	
14	0	0	0	0	534	
15	0	0	0	0	534	
0	0	0	0	0	537	
1	0	0	0	0	531	
2	0	0	0	0	519	
3	0	0	0	0	519	
4	0	0	0	0	523	
5	0	0	0	0	511	
6	0	0	0	0	502	
7	0	0	0	0	509	
8	0	0	0	0	512	
9	0	0	0	0	509	
10	0	0	0	0	503	
11	0	0	0	0	511	
12	0	0	0	0	512	
13	0	0	0	0	498	
14	0	0	0	0	486	
15	0	0	0	0	491	
0	0	0	0	0	501	
1	0	0	0	0	507	
2	0	0	0	0	494	
3	0	0	0	0	490	
4	0	0	0	0	496	
5	0	0	0	0	502	
6	0	0	0	0	495	
7	0	0	0	0	503	
8	0	0	0	0	515	
9	0	0	0	0	515	
10	0	0	0	0	504	
11	0	0	0	0	499	
12	0	0	0	0	498	
13	0	0	0	0	487	
14	0	0	0	0	479	
15	0	0	0	0	483	
0	0	0	0	0	487	
1	0	0	0	0	490	
2	0	0	0	0	478	
3	0	0	0	0	482	
4	0	0	0	0	495	
5	0	0	0	0	493	
6	0	0	0	0	493	
7	0	0	0	0	493	
8	0	0	0	0	495	
9	0	0	0	0	483	
10	0	0	0	0	468	
11	0	0	0	0	472	
12	0	0	0	0	488	
13	0	0	0	0	488	
14	0	0	0	0	490	
15	0	0	0	0	512	
0	0	0	0	0	531	
1	0	0	0	0	521	
2	0	0	0	0	518	
3	0	0	0	0	529	
4	0	0	0	0	531	
5	0	0	0	0	522	
6	0	0	0	0	519	
7	0	0	0	0	523	
8	0	0	0	0	524	
9	0	0	0	0	519	
10	0	0	0	0	520	
11	0	0	0	0	530	
12	0	0	0	0	528	
13	0	0	0	0	515	
14	0	0	0	0	508	
15	0	0	0	0	511	
0	0	0	0	0	511	
1	0	0	0	0	500	
2	0	0	0	0	495	
3	0	0	0	0	503	
4	0	0	0	0	509	
5	0	0	0	0	504	
6	0	0	0	0	498	
7	0	0	0	0	503	
8	0	0	0	0	511	
9	0	0	0	0	511	
10	0	0	0	0	516	
11	0	0	0	0	522	
12	0	0	0	0	511	
13	0	0	0	0	498	
14	0	0	0	0	491	
15	0	0	0	0	491	
0	0	0	0	0	494	
1	0	0	0	0	473	
2	0	0	0	0	461	
3	0	0	0	0	473	
4	0	0	0	0	485	
5	0	0	0	0	495	
6	0	0	0	0	495	
7	0	0	0	0	489	
8	0	0	0	0	486	
9	0	0	0	0	472	
10	0	0	0	0	460	
11	0	0	0	0	470	
12	0	0	0	0	489	
13	0	0	0	0	483	
14	0	0	0	0	465	
15	0	0	0	0	472	
0	0	0	0	0	483	
1	0	0	0	0	476	
2	0	0	0	0	475	
3	0	0	0	0	491	
4	0	0	0	0	491	
5	0	0	0	0	477	
6	0	0	0	0	465	
7	0	0	0	0	470	
8	0	0	0	0	472	
9	0	0	0	0	469	
10	0	0	0	0	476	
11	0	0	0	0	495	
12	0	0	0	0	504	
13	0	0	0	0	514	
14	0	0	0	0	527	
15	0	0	0	0	531	
0	0	0	0	0	557	
1	0	0	0	0	551	
2	0	0	0	0	509	
3	0	0	0	0	495	
4	0	0	0	0	505	
5	0	0	0	0	509	
6	0	0	0	0	508	
7	0	0	0	0	513	
8	0	0	0	0	522	
9	0	0	0	0	519	
10	0	0	0	0	514	
11	0	0	0	0	518	
12	0	0	0	0	516	
13	0	0	0	0	505	
14	0	0	0	0	497	
15	0	0	0	0	500	
0	0	0	0	0	506	
1	0	0	0	0	497	
2	0	0	0	0	485	
3	0	0	0	0	486	
4	0	0	0	0	493	
5	0	0	0	0	488	
6	0	0	0	0	484	
7	0	0	0	0	491	
8	0	0	0	0	496	
9	0	0	0	0	485	
10	0	0	0	0	478	
11	0	0	0	0	482	
12	0	0	0	0	485	
13	0	0	0	0	468	
14	0	0	0	0	460	
15	0	0	0	0	473	
0	0	0	0	0	473	
1	0	0	0	0	460	
2	0	0	0	0	457	
3	0	0	0	0	477	
4	0	0	0	0	479	
5	0	0	0	0	459	
6	0	0	0	0	445	
7	0	0	0	0	455	
8	0	0	0	0	470	
9	0	0	0	0	468	
10	0	0	0	0	473	
11	0	0	0	0	477	
12	0	0	0	0	490	
13	0	0	0	0	481	
14	0	0	0	0	469	
15	0	0	0	0	476	
0	0	0	0	0	483	
1	0	0	0	0	476	
2	0	0	0	0	475	
3	0	0	0	0	484	
4	0	0	0	0	489	
5	0	0	0	0	487	
6	0	0	0	0	481	
7	0	0	0	0	484	
8	0	0	0	0	489	
9	0	0	0	0	484	
10	0	0	0	0	479	
11	0	0	0	0	487	
12	0	0	0	0	494	
13	0	0	0	0	487	
14	0	0	0	0	481	
15	0	0	0	0	487	
0	0	0	0	0	498	
1	0	0	0	0	498	
2	0	0	0	0	497	
3	0	0	0	0	498	
4	0	0	0	0	493	
5	0	0	0	0	486	
6	0	0	0	0	484	
7	0	0	0	0	497	
8	0	0	0	0	503	
9	0	0	0	0	470	
10	0	0	0	0	455	
11	0	0	0	0	478	
12	0	0	0	0	499	
13	0	0	0	0	486	
14	0	0	0	0	473	
15	0	0	0	0	487	
0	0	0	0	0	488	
1	0	0	0	0	475	
2	0	0	0	0	475	
3	0	0	0	0	487	
4	0	0	0	0	487	
5	0	0	0	0	482	
6	0	0	0	0	484	
7	0	0	0	0	482	
8	0	0	0	0	480	
9	0	0	0	0	472	
10	0	0	0	0	465	
11	0	0	0	0	470	
12	0	0	0	0	474	
13	0	0	0	0	474	
14	0	0	0	0	469	
15	0	0	0	0	473	
0	0	0	0	0	476	
1	0	0	0	0	462	
2	0	0	0	0	462	
3	0	0	0	0	474	
4	0	0	0	0	488	
5	0	0	0	0	486	
6	0	0	0	0	470	
7	0	0	0	0	476	
8	0	0	0	0	480	
9	0	0	0	0	465	
10	0	0	0	0	460	
11	0	0	0	0	470	
12	0	0	0	0	472	
13	0	0	0	0	470	
14	0	0	0	0	468	
15	0	0	0	0	475	
0	0	0	0	0	477	
1	0	0	0	0	471	
2	0	0	0	0	460	
3	0	0	0	0	471	
4	0	0	0	0	480	
5	0	0	0	0	470	
6	0	0	0	0	468	
7	0	0	0	0	479	
8	0	0	0	0	480	
9	0	0	0	0	474	
10	0	0	0	0	473	
11	0	0	0	0	477	
12	0	0	0	0	480	
13	0	0	0	0	476	
14	0	0	0	0	465	
15	0	0	0	0	466	
0	0	0	0	0	473	
1	0	0	0	0	474	
2	0	0	0	0	470	
3	0	0	0	0	479	
4	0	0	0	0	486	
5	0	0	0	0	481	
6	0	0	0	0	468	
7	0	0	0	0	472	
8	0	0	0	0	485	
9	0	0	0	0	479	
10	0	0	0	0	476	
11	0	0	0	0	486	
12	0	0	0	0	479	
13	0	0	0	0	471	
14	0	0	0	0	467	
15	0	0	0	0	473	
0	0	0	0	0	478	
1	0	0	0	0	469	
2	0	0	0	0	483	
3	0	0	0	0	491	
4	0	0	0	0	485	
5	0	0	0	0	477	
6	0	0	0	0	475	
7	0	0	0	0	482	
8	0	0	0	0	486	
9	0	0	0	0	482	
10	0	0	0	0	478	
11	0	0	0	0	484	
12	0	0	0	0	489	
13	0	0	0	0	483	
14	0	0	0	0	476	
15	0	0	0	0	484	
0	0	0	0	0	487	
1	0	0	0	0	483	
2	0	0	0	0	483	
3	0	0	0	0	493	
4	0	0	0	0	499	
5	0	0	0	0	494	
6	0	0	0	0	487	
7	0	0	0	0	504	
8	0	0	0	0	519	
9	0	0	0	0	513	
10	0	0	0	0	499	
11	0	0	0	0	503	
12	0	0	0	0	513	
13	0	0	0	0	508	
14	0	0	0	0	504	
15	0	0	0	0	517	
0	0	0	0	0	530	
1	0	0	0	0	520	
2	0	0	0	0	498	
3	0	0	0	0	499	
4	0	0	0	0	487	
5	0	0	0	0	445	
6	0	0	0	0	411	
7	0	0	0	0	447	
8	0	0	0	0	437	
9	0	0	0	0	396	
10	0	0	0	0	464	
11	0	0	0	0	514	
12	0	0	0	0	525	
13	0	0	0	0	450	
14	0	0	0	0	411	
15	0	0	0	0	429	
0	0	0	0	0	451	
1	0	0	0	0	452	
2	0	0	0	0	451	
3	0	0	0	0	463	
4	0	0	0	0	487	
5	0	0	0	0	529	
6	0	0	0	0	552	
7	0	0	0	0	545	
8	0	0	0	0	534	
9	0	0	0	0	518	
10	0	0	0	0	495	
11	0	0	0	0	481	
12	0	0	0	0	488	
13	0	0	0	0	492	
14	0	0	0	0	492	
15	0	0	0	0	498	
0	0	0	0	0	515	
1	0	0	0	0	531	
2	0	0	0	0	540	
3	0	0	0	0	534	
4	0	0	0	0	531	
5	0	0	0	0	524	
6	0	0	0	0	526	
7	0	0	0	0	530	
8	0	0	0	0	556	
9	0	0	0	0	548	
10	0	0	0	0	518	
11	0	0	0	0	521	
12	0	0	0	0	526	
13	0	0	0	0	523	
14	0	0	0	0	530	
15	0	0	0	0	537	
0	0	0	0	0	528	
1	0	0	0	0	511	
2	0	0	0	0	496	
3	0	0	0	0	518	
4	0	0	0	0	534	
5	0	0	0	0	524	
6	0	0	0	0	514	
7	0	0	0	0	515	
8	0	0	0	0	524	
9	0	0	0	0	524	
10	0	0	0	0	514	
11	0	0	0	0	514	
12	0	0	0	0	519	
13	0	0	0	0	509	
14	0	0	0	0	494	
15	0	0	0	0	500	
0	0	0	0	0	517	
1	0	0	0	0	512	
2	0	0	0	0	505	
3	0	0	0	0	514	
4	0	0	0	0	522	
5	0	0	0	0	509	
6	0	0	0	0	498	
7	0	0	0	0	501	
8	0	0	0	0	500	
9	0	0	0	0	492	
10	0	0	0	0	483	
11	0	0	0	0	489	
12	0	0	0	0	490	
13	0	0	0	0	484	
14	0	0	0	0	488	
15	0	0	0	0	508	
0	0	0	0	0	521	
1	0	0	0	0	513	
2	0	0	0	0	495	
3	0	0	0	0	489	
4	0	0	0	0	487	
5	0	0	0	0	480	
6	0	0	0	0	473	
7	0	0	0	0	474	
8	0	0	0	0	477	
9	0	0	0	0	474	
10	0	0	0	0	473	
11	0	0	0	0	481	
12	0	0	0	0	489	
13	0	0	0	0	472	
14	0	0	0	0	453	
15	0	0	0	0	463	
0	0	0	0	0	492	
1	0	0	0	0	408	
2	0	0	0	0	487	
3	0	0	0	0	490	
4	0	0	0	0	502	
5	0	0	0	0	468	
6	0	0	0	0	481	
7	0	0	0	0	458	
8	0	0	0	0	473	
9	0	0	0	0	503	
10	0	0	0	0	520	
11	0	0	0	0	491	
12	0	0	0	0	503	
13	0	0	0	0	534	
14	0	0	0	0	520	
15	0	0	0	0	520	
0	0	0	0	0	514	
1	0	0	0	0	478	
2	0	0	0	0	472	
3	0	0	0	0	507	
4	0	0	0	0	509	
5	0	0	0	0	476	
6	0	0	0	0	449	
7	0	0	0	0	465	
8	0	0	0	0	471	
9	0	0	0	0	471	
10	0	0	0	0	463	
11	0	0	0	0	454	
12	0	0	0	0	474	
13	0	0	0	0	480	
14	0	0	0	0	476	
15	0	0	0	0	481	
0	0	0	0	0	473	
1	0	0	0	0	461	
2	0	0	0	0	465	
3	0	0	0	0	475	
4	0	0	0	0	488	
5	0	0	0	0	483	
6	0	0	0	0	473	
7	0	0	0	0	483	
8	0	0	0	0	483	
9	0	0	0	0	470	
10	0	0	0	0	460	
11	0	0	0	0	466	
12	0	0	0	0	473	
13	0	0	0	0	470	
14	0	0	0	0	468	
15	0	0	0	0	484	
0	0	0	0	0	482	
1	0	0	0	0	472	
2	0	0	0	0	472	
3	0	0	0	0	473	
4	0	0	0	0	476	
5	0	0	0	0	473	
6	0	0	0	0	467	
7	0	0	0	0	478	
8	0	0	0	0	491	
9	0	0	0	0	477	
10	0	0	0	0	463	
11	0	0	0	0	467	
12	0	0	0	0	470	
13	0	0	0	0	470	
14	0	0	0	0	463	
15	0	0	0	0	463	
0	0	0	0	0	473	
1	0	0	0	0	477	
2	0	0	0	0	473	
3	0	0	0	0	465	
4	0	0	0	0	463	
5	0	0	0	0	463	
6	0	0	0	0	465	
7	0	0	0	0	472	
8	0	0	0	0	472	
9	0	0	0	0	462	
10	0	0	0	0	460	
11	0	0	0	0	471	
12	0	0	0	0	471	
13	0	0	0	0	460	
14	0	0	0	0	456	
15	0	0	0	0	467	
0	0	0	0	0	479	
1	0	0	0	0	480	
2	0	0	0	0	475	
3	0	0	0	0	479	
4	0	0	0	0	480	
5	0	0	0	0	469	
6	0	0	0	0	458	
7	0	0	0	0	462	
8	0	0	0	0	467	
9	0	0	0	0	463	
10	0	0	0	0	465	
11	0	0	0	0	478	
12	0	0	0	0	481	
13	0	0	0	0	468	
14	0	0	0	0	463	
15	0	0	0	0	476	
0	0	0	0	0	483	
1	0	0	0	0	476	
2	0	0	0	0	467	
3	0	0	0	0	469	
4	0	0	0	0	478	
5	0	0	0	0	475	
6	0	0	0	0	470	
7	0	0	0	0	471	
8	0	0	0	0	476	
9	0	0	0	0	476	
10	0	0	0	0	470	
11	0	0	0	0	474	
12	0	0	0	0	478	
13	0	0	0	0	473	
14	0	0	0	0	470	
15	0	0	0	0	475	
0	0	0	0	0	477	
1	0	0	0	0	470	
2	0	0	0	0	465	
3	0	0	0	0	472	
4	0	0	0	0	479	
5	0	0	0	0	478	
6	0	0	0	0	471	
7	0	0	0	0	474	
8	0	0	0	0	475	
9	0	0	0	0	472	
10	0	0	0	0	470	
11	0	0	0	0	471	
12	0	0	0	0	473	
13	0	0	0	0	473	
14	0	0	0	0	469	
15	0	0	0	0	476	
0	0	0	0	0	479	
1	0	0	0	0	474	
2	0	0	0	0	473	
3	0	0	0	0	475	
4	0	0	0	0	471	
5	0	0	0	0	467	
6	0	0	0	0	468	
7	0	0	0	0	471	
8	0	0	0	0	472	
9	0	0	0	0	473	
10	0	0	0	0	472	
11	0	0	0	0	479	
12	0	0	0	0	481	
13	0	0	0	0	477	
14	0	0	0	0	467	
15	0	0	0	0	472	
0	0	0	0	0	484	
1	0	0	0	0	481	
2	0	0	0	0	479	
3	0	0	0	0	491	
4	0	0	0	0	496	
5	0	0	0	0	486	
6	0	0	0	0	483	
7	0	0	0	0	493	
8	0	0	0	0	499	
9	0	0	0	0	469	
10	0	0	0	0	492	
11	0	0	0	0	529	
12	0	0	0	0	507	
13	0	0	0	0	500	
14	0	0	0	0	514	
15	0	0	0	0	513	
0	0	0	0	0	497	
1	0	0	0	0	475	
2	0	0	0	0	456	
3	0	0	0	0	476	
4	0	0	0	0	470	
5	0	0	0	0	440	
6	0	0	0	0	451	
7	0	0	0	0	342	
8	0	0	0	0	380	
9	0	0	0	0	529	
10	0	0	0	0	600	
11	0	0	0	0	505	
12	0	0	0	0	441	
13	0	0	0	0	427	
14	0	0	0	0	440	
15	0	0	0	0	463	
0	0	0	0	0	482	
1	0	0	0	0	482	
2	0	0	0	0	471	
3	0	0	0	0	482	
4	0	0	0	0	497	
5	0	0	0	0	502	
6	0	0	0	0	504	
7	0	0	0	0	515	
8	0	0	0	0	522	
9	0	0	0	0	509	
10	0	0	0	0	493	
11	0	0	0	0	499	
12	0	0	0	0	514	
13	0	0	0	0	511	
14	0	0	0	0	510	
15	0	0	0	0	531	
0	0	0	0	0	538	
1	0	0	0	0	536	
2	0	0	0	0	522	
3	0	0	0	0	514	
4	0	0	0	0	515	
5	0	0	0	0	519	
6	0	0	0	0	528	
7	0	0	0	0	530	
8	0	0	0	0	512	
9	0	0	0	0	496	
10	0	0	0	0	492	
11	0	0	0	0	513	
12	0	0	0	0	543	
13	0	0	0	0	544	
14	0	0	0	0	514	
15	0	0	0	0	493	
0	0	0	0	0	495	
1	0	0	0	0	492	
2	0	0	0	0	487	
3	0	0	0	0	494	
4	0	0	0	0	500	
5	0	0	0	0	498	
6	0	0	0	0	490	
7	0	0	0	0	501	
8	0	0	0	0	505	
9	0	0	0	0	503	
10	0	0	0	0	500	
11	0	0	0	0	511	
12	0	0	0	0	515	
13	0	0	0	0	508	
14	0	0	0	0	501	
15	0	0	0	0	509	
0	0	0	0	0	503	
1	0	0	0	0	485	
2	0	0	0	0	478	
3	0	0	0	0	483	
4	0	0	0	0	486	
5	0	0	0	0	474	
6	0	0	0	0	457	
7	0	0	0	0	473	
8	0	0	0	0	491	
9	0	0	0	0	505	
10	0	0	0	0	506	
11	0	0	0	0	501	
12	0	0	0	0	494	
13	0	0	0	0	484	
14	0	0	0	0	482	
15	0	0	0	0	487	
0	0	0	0	0	487	
1	0	0	0	0	474	
2	0	0	0	0	467	
3	0	0	0	0	492	
4	0	0	0	0	508	
5	0	0	0	0	487	
6	0	0	0	0	467	
7	0	0	0	0	468	
8	0	0	0	0	479	
9	0	0	0	0	480	
10	0	0	0	0	501	
11	0	0	0	0	521	
12	0	0	0	0	521	
13	0	0	0	0	501	
14	0	0	0	0	496	
15	0	0	0	0	464	
0	0	0	0	0	449	
1	0	0	0	0	503	
2	0	0	0	0	445	
3	0	0	0	0	495	
4	0	0	0	0	539	
5	0	0	0	0	568	
6	0	0	0	0	522	
7	0	0	0	0	427	
8	0	0	0	0	447	
9	0	0	0	0	451	
10	0	0	0	0	478	
11	0	0	0	0	480	
12	0	0	0	0	471	
13	0	0	0	0	538	
14	0	0	0	0	549	
15	0	0	0	0	506	
0	0	0	0	0	505	
1	0	0	0	0	470	
2	0	0	0	0	447	
3	0	0	0	0	448	
4	0	0	0	0	466	
5	0	0	0	0	480	
6	0	0	0	0	483	
7	0	0	0	0	492	
8	0	0	0	0	492	
9	0	0	0	0	499	
10	0	0	0	0	477	
11	0	0	0	0	455	
12	0	0	0	0	474	
13	0	0	0	0	477	
14	0	0	0	0	460	
15	0	0	0	0	449	
0	0	0	0	0	454	
1	0	0	0	0	456	
2	0	0	0	0	457	
3	0	0	0	0	465	
4	0	0	0	0	478	
5	0	0	0	0	480	
6	0	0	0	0	480	
7	0	0	0	0	482	
8	0	0	0	0	481	
9	0	0	0	0	479	
10	0	0	0	0	479	
11	0	0	0	0	484	
12	0	0	0	0	487	
13	0	0	0	0	476	
14	0	0	0	0	472	
15	0	0	0	0	473	
0	0	0	0	0	470	
1	0	0	0	0	465	
2	0	0	0	0	468	
3	0	0	0	0	480	
4	0	0	0	0	483	
5	0	0	0	0	472	
6	0	0	0	0	466	
7	0	0	0	0	473	
8	0	0	0	0	484	
9	0	0	0	0	481	
10	0	0	0	0	467	
11	0	0	0	0	473	
12	0	0	0	0	479	
13	0	0	0	0	472	
14	0	0	0	0	469	
15	0	0	0	0	478	
0	0	0	0	0	483	
1	0	0	0	0	474	
2	0	0	0	0	467	
3	0	0	0	0	478	
4	0	0	0	0	483	
5	0	0	0	0	473	
6	0	0	0	0	466	
7	0	0	0	0	472	
8	0	0	0	0	479	
9	0	0	0	0	475	
10	0	0	0	0	469	
11	0	0	0	0	476	
12	0	0	0	0	481	
13	0	0	0	0	476	
14	0	0	0	0	467	
15	0	0	0	0	476	
0	0	0	0	0	481	
1	0	0	0	0	473	
2	0	0	0	0	463	
3	0	0	0	0	468	
4	0	0	0	0	477	
5	0	0	0	0	476	
6	0	0	0	0	470	
7	0	0	0	0	476	
8	0	0	0	0	484	
9	0	0	0	0	479	
10	0	0	0	0	467	
11	0	0	0	0	472	
12	0	0	0	0	482	
13	0	0	0	0	478	
14	0	0	0	0	472	
15	0	0	0	0	478	
0	0	0	0	0	486	
1	0	0	0	0	477	
2	0	0	0	0	464	
3	0	0	0	0	476	
4	0	0	0	0	479	
5	0	0	0	0	465	
6	0	0	0	0	486	
7	0	0	0	0	507	
8	0	0	0	0	499	
9	0	0	0	0	493	
10	0	0	0	0	487	
11	0	0	0	0	488	
12	0	0	0	0	499	
13	0	0	0	0	489	
14	0	0	0	0	481	
15	0	0	0	0	491	
0	0	0	0	0	492	
1	0	0	0	0	483	
2	0	0	0	0	489	
3	0	0	0	0	491	
4	0	0	0	0	489	
5	0	0	0	0	481	
6	0	0	0	0	480	
7	0	0	0	0	485	
8	0	0	0	0	479	
9	0	0	0	0	468	
10	0	0	0	0	465	
11	0	0	0	0	479	
12	0	0	0	0	499	
13	0	0	0	0	507	
14	0	0	0	0	518	
15	0	0	0	0	529	
0	0	0	0	0	511	
1	0	0	0	0	502	
2	0	0	0	0	498	
3	0	0	0	0	500	
4	0	0	0	0	512	
5	0	0	0	0	503	
6	0	0	0	0	492	
7	0	0	0	0	494	
8	0	0	0	0	496	
9	0	0	0	0	491	
10	0	0	0	0	487	
11	0	0	0	0	479	
12	0	0	0	0	473	
13	0	0	0	0	469	
14	0	0	0	0	454	
15	0	0	0	0	425	
0	0	0	0	0	485	
1	0	0	0	0	571	
2	0	0	0	0	558	
3	0	0	0	0	529	
4	0	0	0	0	505	
5	0	0	0	0	494	
6	0	0	0	0	476	
7	0	0	0	0	472	
8	0	0	0	0	470	
9	0	0	0	0	466	
10	0	0	0	0	476	
11	0	0	0	0	515	
12	0	0	0	0	538	
13	0	0	0	0	522	
14	0	0	0	0	500	
15	0	0	0	0	492	
0	0	0	0	0	497	
1	0	0	0	0	499	
2	0	0	0	0	497	
3	0	0	0	0	501	
4	0	0	0	0	507	
5	0	0	0	0	503	
6	0	0	0	0	494	
7	0	0	0	0	497	
8	0	0	0	0	504	
9	0	0	0	0	504	
10	0	0	0	0	500	
11	0	0	0	0	510	
12	0	0	0	0	516	
13	0	0	0	0	511	
14	0	0	0	0	526	
15	0	0	0	0	532	
0	0	0	0	0	516	
1	0	0	0	0	506	
2	0	0	0	0	504	
3	0	0	0	0	508	
4	0	0	0	0	516	
5	0	0	0	0	511	
6	0	0	0	0	501	
7	0	0	0	0	508	
8	0	0	0	0	520	
9	0	0	0	0	531	
10	0	0	0	0	525	
11	0	0	0	0	529	
12	0	0	0	0	531	
13	0	0	0	0	522	
14	0	0	0	0	508	
15	0	0	0	0	510	
0	0	0	0	0	516	
1	0	0	0	0	516	
2	0	0	0	0	512	
3	0	0	0	0	507	
4	0	0	0	0	503	
5	0	0	0	0	492	
6	0	0	0	0	474	
7	0	0	0	0	470	
8	0	0	0	0	478	
9	0	0	0	0	464	
10	0	0	0	0	457	
11	0	0	0	0	477	
12	0	0	0	0	506	
13	0	0	0	0	515	
14	0	0	0	0	505	
15	0	0	0	0	496	
0	0	0	0	0	491	
1	0	0	0	0	468	
2	0	0	0	0	444	
3	0	0	0	0	444	
4	0	0	0	0	461	
5	0	0	0	0	469	
6	0	0	0	0	374	
7	0	0	0	0	574	
8	0	0	0	0	510	
9	0	0	0	0	513	
10	0	0	0	0	491	
11	0	0	0	0	445	
12	0	0	0	0	430	
13	0	0	0	0	408	
14	0	0	0	0	435	
15	0	0	0	0	413	
0	0	0	0	0	527	
1	0	0	0	0	516	
2	0	0	0	0	483	
3	0	0	0	0	483	
4	0	0	0	0	543	
5	0	0	0	0	554	
6	0	0	0	0	504	
7	0	0	0	0	504	
8	0	0	0	0	519	
9	0	0	0	0	499	
10	0	0	0	0	470	
11	0	0	0	0	455	
12	0	0	0	0	455	
13	0	0	0	0	441	
14	0	0	0	0	447	
15	0	0	0	0	466	
0	0	0	0	0	462	
1	0	0	0	0	452	
2	0	0	0	0	456	
3	0	0	0	0	474	
4	0	0	0	0	484	
5	0	0	0	0	467	
6	0	0	0	0	453	
7	0	0	0	0	456	
8	0	0	0	0	462	
9	0	0	0	0	471	
10	0	0	0	0	474	
11	0	0	0	0	478	
12	0	0	0	0	495	
13	0	0	0	0	487	
14	0	0	0	0	475	
15	0	0	0	0	487	
0	0	0	0	0	485	
1	0	0	0	0	471	
2	0	0	0	0	463	
3	0	0	0	0	470	
4	0	0	0	0	480	
5	0	0	0	0	472	
6	0	0	0	0	457	
7	0	0	0	0	465	
8	0	0	0	0	480	
9	0	0	0	0	474	
10	0	0	0	0	462	
11	0	0	0	0	467	
12	0	0	0	0	472	
13	0	0	0	0	474	
14	0	0	0	0	471	
15	0	0	0	0	464	
0	0	0	0	0	463	
1	0	0	0	0	457	
2	0	0	0	0	475	
3	0	0	0	0	495	
4	0	0	0	0	482	
5	0	0	0	0	467	
6	0	0	0	0	467	
7	0	0	0	0	484	
8	0	0	0	0	477	
9	0	0	0	0	454	
10	0	0	0	0	452	
11	0	0	0	0	469	
12	0	0	0	0	472	
13	0	0	0	0	463	
14	0	0	0	0	461	
15	0	0	0	0	472	
0	0	0	0	0	491	
1	0	0	0	0	491	
2	0	0	0	0	467	
3	0	0	0	0	468	
4	0	0	0	0	477	
5	0	0	0	0	473	
6	0	0	0	0	466	
7	0	0	0	0	476	
8	0	0	0	0	476	
9	0	0	0	0	468	
10	0	0	0	0	474	
11	0	0	0	0	479	
12	0	0	0	0	482	
13	0	0	0	0	472	
14	0	0	0	0	464	
15	0	0	0	0	478	
0	0	0	0	0	480	
1	0	0	0	0	470	
2	0	0	0	0	464	
3	0	0	0	0	471	
4	0	0	0	0	479	
5	0	0	0	0	477	
6	0	0	0	0	467	
7	0	0	0	0	468	
8	0	0	0	0	476	
9	0	0	0	0	475	
10	0	0	0	0	471	
11	0	0	0	0	480	
12	0	0	0	0	485	
13	0	0	0	0	468	
14	0	0	0	0	462	
15	0	0	0	0	471	
0	0	0	0	0	476	
1	0	0	0	0	475	
2	0	0	0	0	474	
3	0	0	0	0	475	
4	0	0	0	0	475	
5	0	0	0	0	471	
6	0	0	0	0	465	
7	0	0	0	0	473	
8	0	0	0	0	484	
9	0	0	0	0	480	
10	0	0	0	0	469	
11	0	0	0	0	475	
12	0	0	0	0	479	
13	0	0	0	0	472	
14	0	0	0	0	467	
15	0	0	0	0	474	
0	0	0	0	0	480	
1	0	0	0	0	475	
2	0	0	0	0	465	
3	0	0	0	0	467	
4	0	0	0	0	476	
5	0	0	0	0	473	
6	0	0	0	0	481	
7	0	0	0	0	497	
8	0	0	0	0	489	
9	0	0	0	0	478	
10	0	0	0	0	485	
11	0	0	0	0	496	
12	0	0	0	0	495	
13	0	0	0	0	484	
14	0	0	0	0	481	
15	0	0	0	0	489	
0	0	0	0	0	492	
1	0	0	0	0	477	
2	0	0	0	0	459	
3	0	0	0	0	452	
4	0	0	0	0	463	
5	0	0	0	0	474	
6	0	0	0	0	446	
7	0	0	0	0	411	
8	0	0	0	0	457	
9	0	0	0	0	354	
10	0	0	0	0	508	
11	0	0	0	0	476	
12	0	0	0	0	559	
13	0	0	0	0	489	
14	0	0	0	0	463	
15	0	0	0	0	473	
0	0	0	0	0	483	
1	0	0	0	0	494	
2	0	0	0	0	503	
3	0	0	0	0	516	
4	0	0	0	0	524	
5	0	0	0	0	523	
6	0	0	0	0	512	
7	0	0	0	0	530	
8	0	0	0	0	532	
9	0	0	0	0	531	
10	0	0	0	0	536	
11	0	0	0	0	545	
12	0	0	0	0	543	
13	0	0	0	0	533	
14	0	0	0	0	519	
15	0	0	0	0	524	
0	0	0	0	0	531	
1	0	0	0	0	528	
2	0	0	0	0	531	
3	0	0	0	0	539	
4	0	0	0	0	532	
5	0	0	0	0	520	
6	0	0	0	0	519	
7	0	0	0	0	519	
8	0	0	0	0	509	
9	0	0	0	0	497	
10	0	0	0	0	496	
11	0	0	0	0	510	
12	0	0	0	0	510	
13	0	0	0	0	497	
14	0	0	0	0	482	
15	0	0	0	0	482	
0	0	0	0	0	487	
1	0	0	0	0	492	
2	0	0	0	0	497	
3	0	0	0	0	501	
4	0	0	0	0	499	
5	0	0	0	0	487	
6	0	0	0	0	479	
7	0	0	0	0	491	
8	0	0	0	0	508	
9	0	0	0	0	509	
10	0	0	0	0	500	
11	0	0	0	0	496	
12	0	0	0	0	484	
13	0	0	0	0	460	
14	0	0	0	0	453	
15	0	0	0	0	478	
0	0	0	0	0	496	
1	0	0	0	0	492	
2	0	0	0	0	481	
3	0	0	0	0	477	
4	0	0	0	0	470	
5	0	0	0	0	464	
6	0	0	0	0	459	
7	0	0	0	0	458	
8	0	0	0	0	461	
9	0	0	0	0	457	
10	0	0	0	0	456	
11	0	0	0	0	472	
12	0	0	0	0	504	
13	0	0	0	0	503	
14	0	0	0	0	473	
15	0	0	0	0	466	
0	0	0	0	0	473	
1	0	0	0	0	467	
2	0	0	0	0	453	
3	0	0	0	0	460	
4	0	0	0	0	476	
5	0	0	0	0	481	
6	0	0	0	0	480	
7	0	0	0	0	467	
8	0	0	0	0	480	
9	0	0	0	0	568	
10	0	0	0	0	629	
11	0	0	0	0	590	
12	0	0	0	0	508	
13	0	0	0	0	482	
14	0	0	0	0	494	
15	0	0	0	0	509	
0	0	0	0	0	504	
1	0	0	0	0	488	
2	0	0	0	0	487	
3	0	0	0	0	483	
4	0	0	0	0	471	
5	0	0	0	0	459	
6	0	0	0	0	460	
7	0	0	0	0	496	
8	0	0	0	0	518	
9	0	0	0	0	517	
10	0	0	0	0	492	
11	0	0	0	0	467	
12	0	0	0	0	470	
13	0	0	0	0	475	
14	0	0	0	0	457	
15	0	0	0	0	457	
0	0	0	0	0	483	
1	0	0	0	0	493	
2	0	0	0	0	479	
3	0	0	0	0	484	
4	0	0	0	0	493	
5	0	0	0	0	480	
6	0	0	0	0	470	
7	0	0	0	0	490	
8	0	0	0	0	502	
9	0	0	0	0	492	
10	0	0	0	0	486	
11	0	0	0	0	485	
12	0	0	0	0	487	
13	0	0	0	0	486	
14	0	0	0	0	471	
15	0	0	0	0	478	
0	0	0	0	0	482	
1	0	0	0	0	475	
2	0	0	0	0	472	
3	0	0	0	0	482	
4	0	0	0	0	484	
5	0	0	0	0	479	
6	0	0	0	0	482	
7	0	0	0	0	483	
8	0	0	0	0	480	
9	0	0	0	0	474	
10	0	0	0	0	468	
11	0	0	0	0	479	
12	0	0	0	0	488	
13	0	0	0	0	481	
14	0	0	0	0	476	
15	0	0	0	0	487	
0	0	0	0	0	487	
1	0	0	0	0	478	
2	0	0	0	0	473	
3	0	0	0	0	473	
4	0	0	0	0	476	
5	0	0	0	0	476	
6	0	0	0	0	475	
7	0	0	0	0	478	
8	0	0	0	0	479	
9	0	0	0	0	474	
10	0	0	0	0	474	
11	0	0	0	0	481	
12	0	0	0	0	486	
13	0	0	0	0	481	
14	0	0	0	0	472	
15	0	0	0	0	480	
0	0	0	0	0	484	
1	0	0	0	0	483	
2	0	0	0	0	483	
3	0	0	0	0	489	
4	0	0	0	0	483	
5	0	0	0	0	476	
6	0	0	0	0	472	
7	0	0	0	0	480	
8	0	0	0	0	486	
9	0	0	0	0	480	
10	0	0	0	0	478	
11	0	0	0	0	484	
12	0	0	0	0	487	
13	0	0	0	0	479	
14	0	0	0	0	472	
15	0	0	0	0	483	
0	0	0	0	0	495	
1	0	0	0	0	494	
2	0	0	0	0	490	
3	0	0	0	0	496	
4	0	0	0	0	496	
5	0	0	0	0	482	
6	0	0	0	0	474	
7	0	0	0	0	481	
8	0	0	0	0	486	
9	0	0	0	0	489	
10	0	0	0	0	488	
11	0	0	0	0	492	
12	0	0	0	0	501	
13	0	0	0	0	500	
14	0	0	0	0	487	
15	0	0	0	0	480	
0	0	0	0	0	487	
1	0	0	0	0	486	
2	0	0	0	0	478	
3	0	0	0	0	489	
4	0	0	0	0	501	
5	0	0	0	0	499	
6	0	0	0	0	494	
7	0	0	0	0	503	
8	0	0	0	0	508	
9	0	0	0	0	502	
10	0	0	0	0	497	
11	0	0	0	0	503	
12	0	0	0	0	511	
13	0	0	0	0	512	
14	0	0	0	0	511	
15	0	0	0	0	520	
0	0	0	0	0	524	
1	0	0	0	0	517	
2	0	0	0	0	502	
3	0	0	0	0	506	
4	0	0	0	0	525	
5	0	0	0	0	520	
6	0	0	0	0	505	
7	0	0	0	0	509	
8	0	0	0	0	510	
9	0	0	0	0	500	
10	0	0	0	0	476	
11	0	0	0	0	468	
12	0	0	0	0	505	
13	0	0	0	0	543	
14	0	0	0	0	551	
15	0	0	0	0	536	
0	0	0	0	0	522	
1	0	0	0	0	508	
2	0	0	0	0	497	
3	0	0	0	0	493	
4	0	0	0	0	491	
5	0	0	0	0	483	
6	0	0	0	0	484	
7	0	0	0	0	498	
8	0	0	0	0	508	
9	0	0	0	0	513	
10	0	0	0	0	498	
11	0	0	0	0	498	
12	0	0	0	0	499	
13	0	0	0	0	467	
14	0	0	0	0	439	
15	0	0	0	0	448	
0	0	0	0	0	498	
1	0	0	0	0	540	
2	0	0	0	0	535	
3	0	0	0	0	509	
4	0	0	0	0	474	
5	0	0	0	0	467	
6	0	0	0	0	477	
7	0	0	0	0	500	
8	0	0	0	0	516	
9	0	0	0	0	523	
10	0	0	0	0	535	
11	0	0	0	0	541	
12	0	0	0	0	533	
13	0	0	0	0	513	
14	0	0	0	0	504	
15	0	0	0	0	516	
0	0	0	0	0	525	
1	0	0	0	0	525	
2	0	0	0	0	531	
3	0	0	0	0	541	
4	0	0	0	0	560	
5	0	0	0	0	544	
6	0	0	0	0	551	
7	0	0	0	0	563	
8	0	0	0	0	561	
9	0	0	0	0	549	
10	0	0	0	0	536	
11	0	0	0	0	529	
12	0	0	0	0	512	
13	0	0	0	0	497	
14	0	0	0	0	498	
15	0	0	0	0	495	
0	0	0	0	0	522	
1	0	0	0	0	511	
2	0	0	0	0	491	
3	0	0	0	0	517	
4	0	0	0	0	523	
5	0	0	0	0	505	
6	0	0	0	0	475	
7	0	0	0	0	478	
8	0	0	0	0	484	
9	0	0	0	0	481	
10	0	0	0	0	469	
11	0	0	0	0	471	
12	0	0	0	0	481	
13	0	0	0	0	479	
14	0	0	0	0	468	
15	0	0	0	0	470	
0	0	0	0	0	475	
1	0	0	0	0	465	
2	0	0	0	0	457	
3	0	0	0	0	459	
4	0	0	0	0	461	
5	0	0	0	0	454	
6	0	0	0	0	451	
7	0	0	0	0	471	
8	0	0	0	0	509	
9	0	0	0	0	519	
10	0	0	0	0	513	
11	0	0	0	0	512	
12	0	0	0	0	496	
13	0	0	0	0	476	
14	0	0	0	0	466	
15	0	0	0	0	464	
0	0	0	0	0	462	
1	0	0	0	0	459	
2	0	0	0	0	462	
3	0	0	0	0	481	
4	0	0	0	0	516	
5	0	0	0	0	503	
6	0	0	0	0	476	
7	0	0	0	0	477	
8	0	0	0	0	485	
9	0	0	0	0	475	
10	0	0	0	0	466	
11	0	0	0	0	480	
12	0	0	0	0	505	
13	0	0	0	0	501	
14	0	0	0	0	484	
15	0	0	0	0	463	
0	0	0	0	0	461	
1	0	0	0	0	457	
2	0	0	0	0	473	
3	0	0	0	0	483	
4	0	0	0	0	465	
5	0	0	0	0	464	
6	0	0	0	0	494	
7	0	0	0	0	498	
8	0	0	0	0	492	
9	0	0	0	0	491	
10	0	0	0	0	479	
11	0	0	0	0	482	
12	0	0	0	0	491	
13	0	0	0	0	484	
14	0	0	0	0	476	
15	0	0	0	0	484	
0	0	0	0	0	492	
1	0	0	0	0	486	
2	0	0	0	0	478	
3	0	0	0	0	483	
4	0	0	0	0	488	
5	0	0	0	0	484	
6	0	0	0	0	477	
7	0	0	0	0	482	
8	0	0	0	0	491	
9	0	0	0	0	483	
10	0	0	0	0	480	
11	0	0	0	0	488	
12	0	0	0	0	493	
13	0	0	0	0	492	
14	0	0	0	0	483	
15	0	0	0	0	487	
0	0	0	0	0	492	
1	0	0	0	0	486	
2	0	0	0	0	479	
3	0	0	0	0	491	
4	0	0	0	0	499	
5	0	0	0	0	489	
6	0	0	0	0	477	
7	0	0	0	0	480	
8	0	0	0	0	500	
9	0	0	0	0	500	
10	0	0	0	0	487	
11	0	0	0	0	489	
12	0	0	0	0	471	
13	0	0	0	0	465	
14	0	0	0	0	444	
15	0	0	0	0	425	
0	0	0	0	0	430	
1	0	0	0	0	434	
2	0	0	0	0	431	
3	0	0	0	0	428	
4	0	0	0	0	434	
5	0	0	0	0	430	
6	0	0	0	0	438	
7	0	0	0	0	462	
8	0	0	0	0	448	
9	0	0	0	0	441	
10	0	0	0	0	472	
11	0	0	0	0	505	
12	0	0	0	0	524	
13	0	0	0	0	489	
14	0	0	0	0	474	
15	0	0	0	0	477	
0	0	0	0	0	486	
1	0	0	0	0	490	
2	0	0	0	0	506	
3	0	0	0	0	520	
4	0	0	0	0	543	
5	0	0	0	0	549	
6	0	0	0	0	526	
7	0	0	0	0	544	
8	0	0	0	0	570	
9	0	0	0	0	515	
10	0	0	0	0	465	
11	0	0	0	0	468	
12	0	0	0	0	499	
13	0	0	0	0	511	
14	0	0	0	0	514	
15	0	0	0	0	526	
0	0	0	0	0	513	
1	0	0	0	0	493	
2	0	0	0	0	477	
3	0	0	0	0	497	
4	0	0	0	0	510	
5	0	0	0	0	509	
6	0	0	0	0	506	
7	0	0	0	0	511	
8	0	0	0	0	524	
9	0	0	0	0	521	
10	0	0	0	0	513	
11	0	0	0	0	510	
12	0	0	0	0	507	
13	0	0	0	0	501	
14	0	0	0	0	506	
15	0	0	0	0	519	
0	0	0	0	0	527	
1	0	0	0	0	523	
2	0	0	0	0	517	
3	0	0	0	0	519	
4	0	0	0	0	518	
5	0	0	0	0	512	
6	0	0	0	0	503	
7	0	0	0	0	504	
8	0	0	0	0	504	
9	0	0	0	0	497	
10	0	0	0	0	493	
11	0	0	0	0	504	
12	0	0	0	0	515	
13	0	0	0	0	512	
14	0	0	0	0	496	
15	0	0	0	0	489	
0	0	0	0	0	504	
1	0	0	0	0	504	
2	0	0	0	0	489	
3	0	0	0	0	473	
4	0	0	0	0	466	
5	0	0	0	0	468	
6	0	0	0	0	487	
7	0	0	0	0	516	
8	0	0	0	0	568	
9	0	0	0	0	547	
10	0	0	0	0	511	
11	0	0	0	0	496	
12	0	0	0	0	489	
13	0	0	0	0	481	
14	0	0	0	0	468	
15	0	0	0	0	469	
0	0	0	0	0	480	
1	0	0	0	0	484	
2	0	0	0	0	487	
3	0	0	0	0	502	
4	0	0	0	0	513	
5	0	0	0	0	508	
6	0	0	0	0	498	
7	0	0	0	0	506	
8	0	0	0	0	510	
9	0	0	0	0	504	
10	0	0	0	0	500	
11	0	0	0	0	507	
12	0	0	0	0	505	
13	0	0	0	0	495	
14	0	0	0	0	483	
15	0	0	0	0	482	
0	0	0	0	0	484	
1	0	0	0	0	490	
2	0	0	0	0	501	
3	0	0	0	0	530	
4	0	0	0	0	528	
5	0	0	0	0	518	
6	0	0	0	0	492	
7	0	0	0	0	468	
8	0	0	0	0	469	
9	0	0	0	0	497	
10	0	0	0	0	506	
11	0	0	0	0	473	
12	0	0	0	0	499	
13	0	0	0	0	516	
14	0	0	0	0	510	
15	0	0	0	0	515	
0	0	0	0	0	538	
1	0	0	0	0	568	
2	0	0	0	0	551	
3	0	0	0	0	529	
4	0	0	0	0	518	
5	0	0	0	0	504	
6	0	0	0	0	480	
7	0	0	0	0	466	
8	0	0	0	0	455	
9	0	0	0	0	442	
10	0	0	0	0	454	
11	0	0	0	0	471	
12	0	0	0	0	465	
13	0	0	0	0	466	
14	0	0	0	0	481	
15	0	0	0	0	525	
0	0	0	0	0	544	
1	0	0	0	0	505	
2	0	0	0	0	465	
3	0	0	0	0	449	
4	0	0	0	0	461	
5	0	0	0	0	469	
6	0	0	0	0	467	
7	0	0	0	0	496	
8	0	0	0	0	505	
9	0	0	0	0	494	
10	0	0	0	0	490	
11	0	0	0	0	477	
12	0	0	0	0	471	
13	0	0	0	0	471	
14	0	0	0	0	476	
15	0	0	0	0	499	
0	0	0	0	0	496	
1	0	0	0	0	475	
2	0	0	0	0	470	
3	0	0	0	0	475	
4	0	0	0	0	478	
5	0	0	0	0	472	
6	0	0	0	0	470	
7	0	0	0	0	479	
8	0	0	0	0	490	
9	0	0	0	0	499	
10	0	0	0	0	486	
11	0	0	0	0	469	
12	0	0	0	0	473	
13	0	0	0	0	475	
14	0	0	0	0	479	
15	0	0	0	0	483	
0	0	0	0	0	471	
1	0	0	0	0	471	
2	0	0	0	0	471	
3	0	0	0	0	485	
4	0	0	0	0	483	
5	0	0	0	0	460	
6	0	0	0	0	449	
7	0	0	0	0	455	
8	0	0	0	0	476	
9	0	0	0	0	480	
10	0	0	0	0	483	
11	0	0	0	0	487	
12	0	0	0	0	493	
13	0	0	0	0	488	
14	0	0	0	0	466	
15	0	0	0	0	463	
0	0	0	0	0	480	
1	0	0	0	0	471	
2	0	0	0	0	463	
3	0	0	0	0	455	
4	0	0	0	0	462	
5	0	0	0	0	476	
6	0	0	0	0	455	
7	0	0	0	0	483	
8	0	0	0	0	512	
9	0	0	0	0	501	
10	0	0	0	0	481	
11	0	0	0	0	482	
12	0	0	0	0	478	
13	0	0	0	0	460	
14	0	0	0	0	459	
15	0	0	0	0	478	
0	0	0	0	0	482	
1	0	0	0	0	478	
2	0	0	0	0	470	
3	0	0	0	0	480	
4	0	0	0	0	476	
5	0	0	0	0	463	
6	0	0	0	0	455	
7	0	0	0	0	474	
8	0	0	0	0	486	
9	0	0	0	0	481	
10	0	0	0	0	473	
11	0	0	0	0	470	
12	0	0	0	0	469	
13	0	0	0	0	473	
14	0	0	0	0	468	
15	0	0	0	0	469	
0	0	0	0	0	467	
1	0	0	0	0	466	
2	0	0	0	0	465	
3	0	0	0	0	478	
4	0	0	0	0	483	
5	0	0	0	0	475	
6	0	0	0	0	465	
7	0	0	0	0	468	
8	0	0	0	0	477	
9	0	0	0	0	473	
10	0	0	0	0	473	
11	0	0	0	0	477	
12	0	0	0	0	481	
13	0	0	0	0	471	
14	0	0	0	0	463	
15	0	0	0	0	474	
0	0	0	0	0	478	
1	0	0	0	0	479	
2	0	0	0	0	478	
3	0	0	0	0	474	
4	0	0	0	0	475	
5	0	0	0	0	474	
6	0	0	0	0	469	
7	0	0	0	0	470	
8	0	0	0	0	475	
9	0	0	0	0	478	
10	0	0	0	0	471	
11	0	0	0	0	472	
12	0	0	0	0	475	
13	0	0	0	0	473	
14	0	0	0	0	467	
15	0	0	0	0	471	
0	0	0	0	0	481	
1	0	0	0	0	479	
2	0	0	0	0	474	
3	0	0	0	0	480	
4	0	0	0	0	483	
5	0	0	0	0	475	
6	0	0	0	0	465	
7	0	0	0	0	468	
8	0	0	0	0	475	
9	0	0	0	0	474	
10	0	0	0	0	469	
11	0	0	0	0	472	
12	0	0	0	0	478	
13	0	0	0	0	477	
14	0	0	0	0	471	
15	0	0	0	0	475	
0	0	0	0	0	480	
1	0	0	0	0	473	
2	0	0	0	0	467	
3	0	0	0	0	474	
4	0	0	0	0	482	
5	0	0	0	0	480	
6	0	0	0	0	475	
7	0	0	0	0	478	
8	0	0	0	0	483	
9	0	0	0	0	479	
10	0	0	0	0	470	
11	0	0	0	0	473	
12	0	0	0	0	481	
13	0	0	0	0	475	
14	0	0	0	0	467	
15	0	0	0	0	479	
0	0	0	0	0	488	
1	0	0	0	0	483	
2	0	0	0	0	480	
3	0	0	0	0	479	
4	0	0	0	0	477	
5	0	0	0	0	476	
6	0	0	0	0	471	
7	0	0	0	0	476	
8	0	0	0	0	487	
9	0	0	0	0	483	
10	0	0	0	0	473	
11	0	0	0	0	480	
12	0	0	0	0	487	
13	0	0	0	0	482	
14	0	0	0	0	475	
15	0	0	0	0	482	
0	0	0	0	0	489	
1	0	0	0	0	487	
2	0	0	0	0	484	
3	0	0	0	0	488	
4	0	0	0	0	492	
5	0	0	0	0	491	
6	0	0	0	0	482	
7	0	0	0	0	482	
8	0	0	0	0	483	
9	0	0	0	0	482	
10	0	0	0	0	480	
11	0	0	0	0	485	
12	0	0	0	0	494	
13	0	0	0	0	489	
14	0	0	0	0	481	
15	0	0	0	0	486	
0	0	0	0	0	498	
1	0	0	0	0	496	
2	0	0	0	0	487	
3	0	0	0	0	493	
4	0	0	0	0	504	
5	0	0	0	0	501	
6	0	0	0	0	495	
7	0	0	0	0	504	
8	0	0	0	0	514	
9	0	0	0	0	508	
10	0	0	0	0	499	
11	0	0	0	0	505	
12	0	0	0	0	510	
13	0	0	0	0	503	
14	0	0	0	0	495	
15	0	0	0	0	506	
0	0	0	0	0	523	
1	0	0	0	0	535	
2	0	0	0	0	532	
3	0	0	0	0	538	
4	0	0	0	0	534	
5	0	0	0	0	508	
6	0	0	0	0	486	
7	0	0	0	0	493	
8	0	0	0	0	502	
9	0	0	0	0	488	
10	0	0	0	0	472	
11	0	0	0	0	487	
12	0	0	0	0	505	
13	0	0	0	0	494	
14	0	0	0	0	491	
15	0	0	0	0	498	
0	0	0	0	0	497	
1	0	0	0	0	484	
2	0	0	0	0	478	
3	0	0	0	0	488	
4	0	0	0	0	495	
5	0	0	0	0	493	
6	0	0	0	0	492	
7	0	0	0	0	505	
8	0	0	0	0	517	
9	0	0	0	0	516	
10	0	0	0	0	509	
11	0	0	0	0	515	
12	0	0	0	0	520	
13	0	0	0	0	519	
14	0	0	0	0	527	
15	0	0	0	0	508	
0	0	0	0	0	479	
1	0	0	0	0	453	
2	0	0	0	0	478	
3	0	0	0	0	515	
4	0	0	0	0	558	
5	0	0	0	0	548	
6	0	0	0	0	513	
7	0	0	0	0	507	
8	0	0	0	0	524	
9	0	0	0	0	521	
10	0	0	0	0	512	
11	0	0	0	0	519	
12	0	0	0	0	526	
13	0	0	0	0	520	
14	0	0	0	0	518	
15	0	0	0	0	528	
0	0	0	0	0	531	
1	0	0	0	0	525	
2	0	0	0	0	521	
3	0	0	0	0	529	
4	0	0	0	0	536	
5	0	0	0	0	532	
6	0	0	0	0	527	
7	0	0	0	0	530	
8	0	0	0	0	532	
9	0	0	0	0	524	
10	0	0	0	0	524	
11	0	0	0	0	537	
12	0	0	0	0	545	
13	0	0	0	0	539	
14	0	0	0	0	523	
15	0	0	0	0	515	
0	0	0	0	0	514	
1	0	0	0	0	508	
2	0	0	0	0	496	
3	0	0	0	0	502	
4	0	0	0	0	516	
5	0	0	0	0	518	
6	0	0	0	0	510	
7	0	0	0	0	508	
8	0	0	0	0	503	
9	0	0	0	0	492	
10	0	0	0	0	478	
11	0	0	0	0	479	
12	0	0	0	0	482	
13	0	0	0	0	467	
14	0	0	0	0	460	
15	0	0	0	0	475	
0	0	0	0	0	491	
1	0	0	0	0	483	
2	0	0	0	0	481	
3	0	0	0	0	491	
4	0	0	0	0	496	
5	0	0	0	0	492	
6	0	0	0	0	487	
7	0	0	0	0	494	
8	0	0	0	0	506	
9	0	0	0	0	510	
10	0	0	0	0	514	
11	0	0	0	0	521	
12	0	0	0	0	519	
13	0	0	0	0	507	
14	0	0	0	0	499	
15	0	0	0	0	502	
0	0	0	0	0	504	
1	0	0	0	0	496	
2	0	0	0	0	491	
3	0	0	0	0	496	
4	0	0	0	0	503	
5	0	0	0	0	499	
6	0	0	0	0	494	
7	0	0	0	0	504	
8	0	0	0	0	509	
9	0	0	0	0	503	
10	0	0	0	0	496	
11	0	0	0	0	501	
12	0	0	0	0	507	
13	0	0	0	0	503	
14	0	0	0	0	499	
15	0	0	0	0	507	
0	0	0	0	0	514	
1	0	0	0	0	513	
2	0	0	0	0	514	
3	0	0	0	0	520	
4	0	0	0	0	524	
5	0	0	0	0	519	
6	0	0	0	0	512	
7	0	0	0	0	520	
8	0	0	0	0	531	
9	0	0	0	0	528	
10	0	0	0	0	517	
11	0	0	0	0	517	
12	0	0	0	0	521	
13	0	0	0	0	515	
14	0	0	0	0	505	
15	0	0	0	0	512	
0	0	0	0	0	516	
1	0	0	0	0	511	
2	0	0	0	0	503	
3	0	0	0	0	507	
4	0	0	0	0	511	
5	0	0	0	0	503	
6	0	0	0	0	497	
7	0	0	0	0	504	
8	0	0	0	0	512	
9	0	0	0	0	508	
10	0	0	0	0	502	
11	0	0	0	0	504	
12	0	0	0	0	504	
13	0	0	0	0	498	
14	0	0	0	0	493	
15	0	0	0	0	496	
0	0	0	0	0	501	
1	0	0	0	0	497	
2	0	0	0	0	496	
3	0	0	0	0	507	
4	0	0	0	0	515	
5	0	0	0	0	506	
6	0	0	0	0	497	
7	0	0	0	0	500	
8	0	0	0	0	507	
9	0	0	0	0	499	
10	0	0	0	0	489	
11	0	0	0	0	506	
12	0	0	0	0	528	
13	0	0	0	0	532	
14	0	0	0	0	521	
15	0	0	0	0	514	
0	0	0	0	0	507	
1	0	0	0	0	497	
2	0	0	0	0	482	
3	0	0	0	0	489	
4	0	0	0	0	510	
5	0	0	0	0	518	
6	0	0	0	0	509	
7	0	0	0	0	514	
8	0	0	0	0	515	
9	0	0	0	0	500	
10	0	0	0	0	501	
11	0	0	0	0	502	
12	0	0	0	0	497	
13	0	0	0	0	496	
14	0	0	0	0	491	
15	0	0	0	0	494	
0	0	0	0	0	496	
1	0	0	0	0	487	
2	0	0	0	0	476	
3	0	0	0	0	473	
4	0	0	0	0	476	
5	0	0	0	0	471	
6	0	0	0	0	463	
7	0	0	0	0	470	
8	0	0	0	0	504	
9	0	0	0	0	532	
10	0	0	0	0	522	
11	0	0	0	0	512	
12	0	0	0	0	534	
13	0	0	0	0	591	
14	0	0	0	0	505	
15	0	0	0	0	471	
0	0	0	0	0	496	
1	0	0	0	0	507	
2	0	0	0	0	487	
3	0	0	0	0	467	
4	0	0	0	0	473	
5	0	0	0	0	474	
6	0	0	0	0	475	
7	0	0	0	0	497	
8	0	0	0	0	498	
9	0	0	0	0	459	
10	0	0	0	0	464	
11	0	0	0	0	509	
12	0	0	0	0	506	
13	0	0	0	0	481	
14	0	0	0	0	470	
15	0	0	0	0	481	
0	0	0	0	0	484	
1	0	0	0	0	480	
2	0	0	0	0	476	
3	0	0	0	0	489	
4	0	0	0	0	494	
5	0	0	0	0	484	
6	0	0	0	0	475	
7	0	0	0	0	480	
8	0	0	0	0	484	
9	0	0	0	0	480	
10	0	0	0	0	478	
11	0	0	0	0	487	
12	0	0	0	0	494	
13	0	0	0	0	487	
14	0	0	0	0	480	
15	0	0	0	0	487	
0	0	0	0	0	491	
1	0	0	0	0	485	
2	0	0	0	0	482	
3	0	0	0	0	489	
4	0	0	0	0	491	
5	0	0	0	0	481	
6	0	0	0	0	472	
7	0	0	0	0	483	
8	0	0	0	0	491	
9	0	0	0	0	487	
10	0	0	0	0	481	
11	0	0	0	0	486	
12	0	0	0	0	490	
13	0	0	0	0	487	
14	0	0	0	0	478	
15	0	0	0	0	483	
0	0	0	0	0	493	
1	0	0	0	0	485	
2	0	0	0	0	482	
3	0	0	0	0	491	
4	0	0	0	0	487	
5	0	0	0	0	483	
6	0	0	0	0	477	
7	0	0	0	0	484	
8	0	0	0	0	497	
9	0	0	0	0	489	
10	0	0	0	0	482	
11	0	0	0	0	493	
12	0	0	0	0	498	
13	0	0	0	0	496	
14	0	0	0	0	487	
15	0	0	0	0	487	
0	0	0	0	0	494	
1	0	0	0	0	487	
2	0	0	0	0	482	
3	0	0	0	0	492	
4	0	0	0	0	498	
5	0	0	0	0	491	
6	0	0	0	0	489	
7	0	0	0	0	496	
8	0	0	0	0	499	
9	0	0	0	0	496	
10	0	0	0	0	490	
11	0	0	0	0	494	
12	0	0	0	0	500	
13	0	0	0	0	496	
14	0	0	0	0	492	
15	0	0	0	0	505	
0	0	0	0	0	519	
1	0	0	0	0	515	
2	0	0	0	0	504	
3	0	0	0	0	508	
4	0	0	0	0	511	
5	0	0	0	0	509	
6	0	0	0	0	507	
7	0	0	0	0	519	
8	0	0	0	0	534	
9	0	0	0	0	520	
10	0	0	0	0	509	
11	0	0	0	0	517	
12	0	0	0	0	526	
13	0	0	0	0	511	
14	0	0	0	0	497	
15	0	0	0	0	500	
0	0	0	0	0	500	
1	0	0	0	0	506	
2	0	0	0	0	519	
3	0	0	0	0	523	
4	0	0	0	0	518	
5	0	0	0	0	511	
6	0	0	0	0	519	
7	0	0	0	0	523	
8	0	0	0	0	520	
9	0	0	0	0	512	
10	0	0	0	0	498	
11	0	0	0	0	499	
12	0	0	0	0	513	
13	0	0	0	0	520	
14	0	0	0	0	510	
15	0	0	0	0	507	
0	0	0	0	0	516	
1	0	0	0	0	510	
2	0	0	0	0	495	
3	0	0	0	0	499	
4	0	0	0	0	509	
5	0	0	0	0	504	
6	0	0	0	0	499	
7	0	0	0	0	503	
8	0	0	0	0	526	
9	0	0	0	0	547	
10	0	0	0	0	540	
11	0	0	0	0	518	
12	0	0	0	0	514	
13	0	0	0	0	521	
14	0	0	0	0	507	
15	0	0	0	0	504	
0	0	0	0	0	520	
1	0	0	0	0	527	
2	0	0	0	0	519	
3	0	0	0	0	524	
4	0	0	0	0	532	
5	0	0	0	0	537	
6	0	0	0	0	527	
7	0	0	0	0	524	
8	0	0	0	0	535	
9	0	0	0	0	528	
10	0	0	0	0	523	
11	0	0	0	0	539	
12	0	0	0	0	543	
13	0	0	0	0	531	
14	0	0	0	0	521	
15	0	0	0	0	522	
0	0	0	0	0	525	
1	0	0	0	0	522	
2	0	0	0	0	515	
3	0	0	0	0	516	
4	0	0	0	0	523	
5	0	0	0	0	516	
6	0	0	0	0	512	
7	0	0	0	0	520	
8	0	0	0	0	519	
9	0	0	0	0	509	
10	0	0	0	0	505	
11	0	0	0	0	518	
12	0	0	0	0	525	
13	0	0	0	0	513	
14	0	0	0	0	506	
15	0	0	0	0	512	
0	0	0	0	0	514	
1	0	0	0	0	504	
2	0	0	0	0	502	
3	0	0	0	0	511	
4	0	0	0	0	516	
5	0	0	0	0	507	
6	0	0	0	0	499	
7	0	0	0	0	508	
8	0	0	0	0	514	
9	0	0	0	0	511	
10	0	0	0	0	510	
11	0	0	0	0	521	
12	0	0	0	0	531	
13	0	0	0	0	525	
14	0	0	0	0	517	
15	0	0	0	0	522	
0	0	0	0	0	527	
1	0	0	0	0	523	
2	0	0	0	0	518	
3	0	0	0	0	524	
4	0	0	0	0	529	
5	0	0	0	0	518	
6	0	0	0	0	501	
7	0	0	0	0	500	
8	0	0	0	0	507	
9	0	0	0	0	502	
10	0	0	0	0	497	
11	0	0	0	0	501	
12	0	0	0	0	499	
13	0	0	0	0	490	
14	0	0	0	0	480	
15	0	0	0	0	481	
0	0	0	0	0	480	
1	0	0	0	0	467	
2	0	0	0	0	460	
3	0	0	0	0	466	
4	0	0	0	0	474	
5	0	0	0	0	472	
6	0	0	0	0	463	
7	0	0	0	0	468	
8	0	0	0	0	484	
9	0	0	0	0	477	
10	0	0	0	0	478	
11	0	0	0	0	491	
12	0	0	0	0	484	
13	0	0	0	0	473	
14	0	0	0	0	472	
15	0	0	0	0	484	
0	0	0	0	0	489	
1	0	0	0	0	481	
2	0	0	0	0	470	
3	0	0	0	0	464	
4	0	0	0	0	475	
5	0	0	0	0	467	
6	0	0	0	0	452	
7	0	0	0	0	447	
8	0	0	0	0	496	
9	0	0	0	0	543	
10	0	0	0	0	539	
11	0	0	0	0	527	
12	0	0	0	0	501	
13	0	0	0	0	478	
14	0	0	0	0	493	
15	0	0	0	0	505	
0	0	0	0	0	504	
1	0	0	0	0	508	
2	0	0	0	0	504	
3	0	0	0	0	499	
4	0	0	0	0	495	
5	0	0	0	0	480	
6	0	0	0	0	473	
7	0	0	0	0	483	
8	0	0	0	0	496	
9	0	0	0	0	495	
10	0	0	0	0	491	
11	0	0	0	0	499	
12	0	0	0	0	497	
13	0	0	0	0	488	
14	0	0	0	0	486	
15	0	0	0	0	494	
0	0	0	0	0	502	
1	0	0	0	0	496	
2	0	0	0	0	487	
3	0	0	0	0	491	
4	0	0	0	0	497	
5	0	0	0	0	493	
6	0	0	0	0	487	
7	0	0	0	0	492	
8	0	0	0	0	499	
9	0	0	0	0	498	
10	0	0	0	0	485	
11	0	0	0	0	506	
12	0	0	0	0	515	
13	0	0	0	0	496	
14	0	0	0	0	479	
15	0	0	0	0	475	
0	0	0	0	0	461	
1	0	0	0	0	453	
2	0	0	0	0	441	
3	0	0	0	0	455	
4	0	0	0	0	452	
5	0	0	0	0	436	
6	0	0	0	0	432	
7	0	0	0	0	443	
8	0	0	0	0	462	
9	0	0	0	0	467	
10	0	0	0	0	485	
11	0	0	0	0	484	
12	0	0	0	0	489	
13	0	0	0	0	500	
14	0	0	0	0	491	
15	0	0	0	0	506	
0	0	0	0	0	518	
1	0	0	0	0	519	
2	0	0	0	0	511	
3	0	0	0	0	509	
4	0	0	0	0	500	
5	0	0	0	0	500	
6	0	0	0	0	494	
7	0	0	0	0	504	
8	0	0	0	0	526	
9	0	0	0	0	552	
10	0	0	0	0	563	
11	0	0	0	0	540	
12	0	0	0	0	530	
13	0	0	0	0	519	
14	0	0	0	0	503	
15	0	0	0	0	506	
0	0	0	0	0	522	
1	0	0	0	0	525	
2	0	0	0	0	525	
3	0	0	0	0	536	
4	0	0	0	0	540	
5	0	0	0	0	528	
6	0	0	0	0	523	
7	0	0	0	0	534	
8	0	0	0	0	537	
9	0	0	0	0	533	
10	0	0	0	0	525	
11	0	0	0	0	527	
12	0	0	0	0	529	
13	0	0	0	0	519	
14	0	0	0	0	507	
15	0	0	0	0	506	
0	0	0	0	0	510	
1	0	0	0	0	507	
2	0	0	0	0	505	
3	0	0	0	0	518	
4	0	0	0	0	526	
5	0	0	0	0	522	
6	0	0	0	0	519	
7	0	0	0	0	526	
8	0	0	0	0	529	
9	0	0	0	0	522	
10	0	0	0	0	514	
11	0	0	0	0	517	
12	0	0	0	0	527	
13	0	0	0	0	534	
14	0	0	0	0	528	
15	0	0	0	0	532	
0	0	0	0	0	538	
1	0	0	0	0	530	
2	0	0	0	0	519	
3	0	0	0	0	518	
4	0	0	0	0	521	
5	0	0	0	0	522	
6	0	0	0	0	525	
7	0	0	0	0	535	
8	0	0	0	0	532	
9	0	0	0	0	517	
10	0	0	0	0	505	
11	0	0	0	0	502	
12	0	0	0	0	503	
13	0	0	0	0	504	
14	0	0	0	0	502	
15	0	0	0	0	516	
0	0	0	0	0	538	
1	0	0	0	0	537	
2	0	0	0	0	523	
3	0	0	0	0	530	
4	0	0	0	0	532	
5	0	0	0	0	528	
6	0	0	0	0	528	
7	0	0	0	0	528	
8	0	0	0	0	516	
9	0	0	0	0	513	
10	0	0	0	0	510	
11	0	0	0	0	519	
12	0	0	0	0	524	
13	0	0	0	0	523	
14	0	0	0	0	528	
15	0	0	0	0	534	
0	0	0	0	0	524	
1	0	0	0	0	510	
2	0	0	0	0	515	
3	0	0	0	0	519	
4	0	0	0	0	518	
5	0	0	0	0	499	
6	0	0	0	0	484	
7	0	0	0	0	492	
8	0	0	0	0	501	
9	0	0	0	0	496	
10	0	0	0	0	490	
11	0	0	0	0	502	
12	0	0	0	0	509	
13	0	0	0	0	496	
14	0	0	0	0	476	
15	0	0	0	0	499	
0	0	0	0	0	539	
1	0	0	0	0	536	
2	0	0	0	0	518	
3	0	0	0	0	512	
4	0	0	0	0	552	
5	0	0	0	0	554	
6	0	0	0	0	515	
7	0	0	0	0	515	
8	0	0	0	0	502	
9	0	0	0	0	494	
10	0	0	0	0	537	
11	0	0	0	0	575	
12	0	0	0	0	526	
13	0	0	0	0	462	
14	0	0	0	0	465	
15	0	0	0	0	489	
0	0	0	0	0	496	
1	0	0	0	0	485	
2	0	0	0	0	483	
3	0	0	0	0	524	
4	0	0	0	0	528	
5	0	0	0	0	497	
6	0	0	0	0	504	
7	0	0	0	0	501	
8	0	0	0	0	506	
9	0	0	0	0	482	
10	0	0	0	0	457	
11	0	0	0	0	431	
12	0	0	0	0	451	
13	0	0	0	0	483	
14	0	0	0	0	481	
15	0	0	0	0	495	
0	0	0	0	0	518	
1	0	0	0	0	506	
2	0	0	0	0	483	
3	0	0	0	0	481	
4	0	0	0	0	490	
5	0	0	0	0	486	
6	0	0	0	0	483	
7	0	0	0	0	487	
8	0	0	0	0	492	
9	0	0	0	0	492	
10	0	0	0	0	484	
11	0	0	0	0	487	
12	0	0	0	0	495	
13	0	0	0	0	486	
14	0	0	0	0	477	
15	0	0	0	0	482	
0	0	0	0	0	484	
1	0	0	0	0	476	
2	0	0	0	0	472	
3	0	0	0	0	481	
4	0	0	0	0	480	
5	0	0	0	0	475	
6	0	0	0	0	471	
7	0	0	0	0	474	
8	0	0	0	0	476	
9	0	0	0	0	472	
10	0	0	0	0	471	
11	0	0	0	0	480	
12	0	0	0	0	489	
13	0	0	0	0	483	
14	0	0	0	0	479	
15	0	0	0	0	484	
0	0	0	0	0	489	
1	0	0	0	0	481	
2	0	0	0	0	470	
3	0	0	0	0	481	
4	0	0	0	0	492	
5	0	0	0	0	484	
6	0	0	0	0	476	
7	0	0	0	0	476	
8	0	0	0	0	482	
9	0	0	0	0	483	
10	0	0	0	0	472	
11	0	0	0	0	477	
12	0	0	0	0	485	
13	0	0	0	0	479	
14	0	0	0	0	478	
15	0	0	0	0	484	
0	0	0	0	0	488	
1	0	0	0	0	485	
2	0	0	0	0	476	
3	0	0	0	0	480	
4	0	0	0	0	482	
5	0	0	0	0	474	
6	0	0	0	0	470	
7	0	0	0	0	474	
8	0	0	0	0	483	
9	0	0	0	0	484	
10	0	0	0	0	478	
11	0	0	0	0	483	
12	0	0	0	0	489	
13	0	0	0	0	483	
14	0	0	0	0	480	
15	0	0	0	0	484	
0	0	0	0	0	485	
1	0	0	0	0	478	
2	0	0	0	0	473	
3	0	0	0	0	482	
4	0	0	0	0	489	
5	0	0	0	0	486	
6	0	0	0	0	484	
7	0	0	0	0	491	
8	0	0	0	0	491	
9	0	0	0	0	480	
10	0	0	0	0	474	
11	0	0	0	0	484	
12	0	0	0	0	492	
13	0	0	0	0	489	
14	0	0	0	0	484	
15	0	0	0	0	487	
0	0	0	0	0	489	
1	0	0	0	0	486	
2	0	0	0	0	482	
3	0	0	0	0	489	
4	0	0	0	0	494	
5	0	0	0	0	487	
6	0	0	0	0	485	
7	0	0	0	0	492	
8	0	0	0	0	497	
9	0	0	0	0	489	
10	0	0	0	0	483	
11	0	0	0	0	490	
12	0	0	0	0	499	
13	0	0	0	0	499	
14	0	0	0	0	497	
15	0	0	0	0	501	
0	0	0	0	0	506	
1	0	0	0	0	499	
2	0	0	0	0	483	
3	0	0	0	0	490	
4	0	0	0	0	502	
5	0	0	0	0	508	
6	0	0	0	0	504	
7	0	0	0	0	515	
8	0	0	0	0	523	
9	0	0	0	0	515	
10	0	0	0	0	501	
11	0	0	0	0	515	
12	0	0	0	0	531	
13	0	0	0	0	519	
14	0	0	0	0	502	
15	0	0	0	0	507	
0	0	0	0	0	510	
1	0	0	0	0	502	
2	0	0	0	0	502	
3	0	0	0	0	511	
4	0	0	0	0	512	
5	0	0	0	0	513	
6	0	0	0	0	511	
7	0	0	0	0	506	
8	0	0	0	0	502	
9	0	0	0	0	498	
10	0	0	0	0	500	
11	0	0	0	0	511	
12	0	0	0	0	513	
13	0	0	0	0	499	
14	0	0	0	0	482	
15	0	0	0	0	487	
0	0	0	0	0	492	
1	0	0	0	0	488	
2	0	0	0	0	465	
3	0	0	0	0	460	
4	0	0	0	0	463	
5	0	0	0	0	463	
6	0	0	0	0	462	
7	0	0	0	0	464	
8	0	0	0	0	471	
9	0	0	0	0	476	
10	0	0	0	0	510	
11	0	0	0	0	543	
12	0	0	0	0	542	
13	0	0	0	0	525	
14	0	0	0	0	512	
15	0	0	0	0	505	
0	0	0	0	0	512	
1	0	0	0	0	513	
2	0	0	0	0	513	
3	0	0	0	0	521	
4	0	0	0	0	527	
5	0	0	0	0	529	
6	0	0	0	0	537	
7	0	0	0	0	537	
8	0	0	0	0	528	
9	0	0	0	0	520	
10	0	0	0	0	519	
11	0	0	0	0	540	
12	0	0	0	0	546	
13	0	0	0	0	536	
14	0	0	0	0	523	
15	0	0	0	0	526	
0	0	0	0	0	535	
1	0	0	0	0	536	
2	0	0	0	0	536	
3	0	0	0	0	542	
4	0	0	0	0	544	
5	0	0	0	0	538	
6	0	0	0	0	532	
7	0	0	0	0	538	
8	0	0	0	0	542	
9	0	0	0	0	536	
10	0	0	0	0	526	
11	0	0	0	0	534	
12	0	0	0	0	535	
13	0	0	0	0	524	
14	0	0	0	0	508	
15	0	0	0	0	499	
0	0	0	0	0	491	
1	0	0	0	0	477	
2	0	0	0	0	469	
3	0	0	0	0	473	
4	0	0	0	0	486	
5	0	0	0	0	482	
6	0	0	0	0	471	
7	0	0	0	0	492	
8	0	0	0	0	514	
9	0	0	0	0	491	
10	0	0	0	0	454	
11	0	0	0	0	454	
12	0	0	0	0	464	
13	0	0	0	0	466	
14	0	0	0	0	459	
15	0	0	0	0	466	
0	0	0	0	0	473	
1	0	0	0	0	464	
2	0	0	0	0	465	
3	0	0	0	0	475	
4	0	0	0	0	480	
5	0	0	0	0	479	
6	0	0	0	0	467	
7	0	0	0	0	460	
8	0	0	0	0	455	
9	0	0	0	0	457	
10	0	0	0	0	448	
11	0	0	0	0	449	
12	0	0	0	0	466	
13	0	0	0	0	474	
14	0	0	0	0	489	
15	0	0	0	0	495	
0	0	0	0	0	465	
1	0	0	0	0	508	
2	0	0	0	0	546	
3	0	0	0	0	598	
4	0	0	0	0	513	
5	0	0	0	0	491	
6	0	0	0	0	487	
7	0	0	0	0	493	
8	0	0	0	0	498	
9	0	0	0	0	485	
10	0	0	0	0	466	
11	0	0	0	0	476	
12	0	0	0	0	492	
13	0	0	0	0	488	
14	0	0	0	0	472	
15	0	0	0	0	473	
0	0	0	0	0	495	
1	0	0	0	0	500	
2	0	0	0	0	493	
3	0	0	0	0	496	
4	0	0	0	0	498	
5	0	0	0	0	492	
6	0	0	0	0	486	
7	0	0	0	0	496	
8	0	0	0	0	501	
9	0	0	0	0	493	
10	0	0	0	0	487	
11	0	0	0	0	494	
12	0	0	0	0	499	
13	0	0	0	0	494	
14	0	0	0	0	486	
15	0	0	0	0	488	
0	0	0	0	0	494	
1	0	0	0	0	494	
2	0	0	0	0	483	
3	0	0	0	0	494	
4	0	0	0	0	500	
5	0	0	0	0	522	
6	0	0	0	0	511	
7	0	0	0	0	487	
8	0	0	0	0	470	
9	0	0	0	0	467	
10	0	0	0	0	461	
11	0	0	0	0	467	
12	0	0	0	0	449	
13	0	0	0	0	434	
14	0	0	0	0	455	
15	0	0	0	0	465	
0	0	0	0	0	445	
1	0	0	0	0	423	
2	0	0	0	0	420	
3	0	0	0	0	421	
4	0	0	0	0	438	
5	0	0	0	0	424	
6	0	0	0	0	423	
7	0	0	0	0	551	
8	0	0	0	0	563	
9	0	0	0	0	510	
10	0	0	0	0	483	
11	0	0	0	0	481	
12	0	0	0	0	504	
13	0	0	0	0	519	
14	0	0	0	0	502	
15	0	0	0	0	471	
0	0	0	0	0	494	
1	0	0	0	0	556	
2	0	0	0	0	572	
3	0	0	0	0	543	
4	0	0	0	0	542	
5	0	0	0	0	543	
6	0	0	0	0	515	
7	0	0	0	0	504	
8	0	0	0	0	516	
9	0	0	0	0	511	
10	0	0	0	0	506	
11	0	0	0	0	520	
12	0	0	0	0	528	
13	0	0	0	0	524	
14	0	0	0	0	521	
15	0	0	0	0	523	
0	0	0	0	0	521	
1	0	0	0	0	512	
2	0	0	0	0	512	
3	0	0	0	0	519	
4	0	0	0	0	525	
5	0	0	0	0	514	
6	0	0	0	0	507	
7	0	0	0	0	516	
8	0	0	0	0	524	
9	0	0	0	0	522	
10	0	0	0	0	515	
11	0	0	0	0	522	
12	0	0	0	0	534	
13	0	0	0	0	525	
14	0	0	0	0	516	
15	0	0	0	0	521	
0	0	0	0	0	537	
1	0	0	0	0	543	
2	0	0	0	0	522	
3	0	0	0	0	513	
4	0	0	0	0	516	
5	0	0	0	0	513	
6	0	0	0	0	516	
7	0	0	0	0	524	
8	0	0	0	0	528	
9	0	0	0	0	512	
10	0	0	0	0	499	
11	0	0	0	0	508	
12	0	0	0	0	513	
13	0	0	0	0	533	
14	0	0	0	0	537	
15	0	0	0	0	528	
0	0	0	0	0	513	
1	0	0	0	0	484	
2	0	0	0	0	475	
3	0	0	0	0	486	
4	0	0	0	0	488	
5	0	0	0	0	487	
6	0	0	0	0	492	
7	0	0	0	0	505	
8	0	0	0	0	522	
9	0	0	0	0	519	
10	0	0	0	0	501	
11	0	0	0	0	494	
12	0	0	0	0	491	
13	0	0	0	0	480	
14	0	0	0	0	480	
15	0	0	0	0	493	
0	0	0	0	0	508	
1	0	0	0	0	513	
2	0	0	0	0	517	
3	0	0	0	0	507	
4	0	0	0	0	484	
5	0	0	0	0	470	
6	0	0	0	0	473	
7	0	0	0	0	492	
8	0	0	0	0	495	
9	0	0	0	0	495	
10	0	0	0	0	500	
11	0	0	0	0	495	
12	0	0	0	0	478	
13	0	0	0	0	504	
14	0	0	0	0	535	
15	0	0	0	0	511	
0	0	0	0	0	489	
1	0	0	0	0	503	
2	0	0	0	0	514	
3	0	0	0	0	517	
4	0	0	0	0	514	
5	0	0	0	0	529	
6	0	0	0	0	548	
7	0	0	0	0	568	
8	0	0	0	0	560	
9	0	0	0	0	529	
10	0	0	0	0	514	
11	0	0	0	0	489	
12	0	0	0	0	480	
13	0	0	0	0	464	
14	0	0	0	0	447	
15	0	0	0	0	451	
0	0	0	0	0	477	
1	0	0	0	0	475	
2	0	0	0	0	461	
3	0	0	0	0	470	
4	0	0	0	0	508	
5	0	0	0	0	514	
6	0	0	0	0	486	
7	0	0	0	0	470	
8	0	0	0	0	473	
9	0	0	0	0	489	
10	0	0	0	0	488	
11	0	0	0	0	496	
12	0	0	0	0	505	
13	0	0	0	0	485	
14	0	0	0	0	467	
15	0	0	0	0	473	
0	0	0	0	0	484	
1	0	0	0	0	480	
2	0	0	0	0	474	
3	0	0	0	0	487	
4	0	0	0	0	497	
5	0	0	0	0	487	
6	0	0	0	0	472	
7	0	0	0	0	476	
8	0	0	0	0	480	
9	0	0	0	0	475	
10	0	0	0	0	473	
11	0	0	0	0	480	
12	0	0	0	0	481	
13	0	0	0	0	477	
14	0	0	0	0	479	
15	0	0	0	0	482	
0	0	0	0	0	480	
1	0	0	0	0	476	
2	0	0	0	0	483	
3	0	0	0	0	480	
4	0	0	0	0	474	
5	0	0	0	0	471	
6	0	0	0	0	471	
7	0	0	0	0	479	
8	0	0	0	0	484	
9	0	0	0	0	480	
10	0	0	0	0	473	
11	0	0	0	0	478	
12	0	0	0	0	483	
13	0	0	0	0	476	
14	0	0	0	0	467	
15	0	0	0	0	471	
0	0	0	0	0	478	
1	0	0	0	0	475	
2	0	0	0	0	473	
3	0	0	0	0	482	
4	0	0	0	0	484	
5	0	0	0	0	476	
6	0	0	0	0	468	
7	0	0	0	0	472	
8	0	0	0	0	475	
9	0	0	0	0	472	
10	0	0	0	0	468	
11	0	0	0	0	476	
12	0	0	0	0	484	
13	0	0	0	0	480	
14	0	0	0	0	471	
15	0	0	0	0	474	
0	0	0	0	0	482	
1	0	0	0	0	472	
2	0	0	0	0	463	
3	0	0	0	0	474	
4	0	0	0	0	485	
5	0	0	0	0	480	
6	0	0	0	0	472	
7	0	0	0	0	478	
8	0	0	0	0	483	
9	0	0	0	0	475	
10	0	0	0	0	468	
11	0	0	0	0	474	
12	0	0	0	0	480	
13	0	0	0	0	480	
14	0	0	0	0	478	
15	0	0	0	0	487	
0	0	0	0	0	486	
1	0	0	0	0	476	
2	0	0	0	0	467	
3	0	0	0	0	475	
4	0	0	0	0	481	
5	0	0	0	0	478	
6	0	0	0	0	472	
7	0	0	0	0	480	
8	0	0	0	0	491	
9	0	0	0	0	487	
10	0	0	0	0	478	
11	0	0	0	0	477	
12	0	0	0	0	480	
13	0	0	0	0	476	
14	0	0	0	0	476	
15	0	0	0	0	484	
0	0	0	0	0	489	
1	0	0	0	0	481	
2	0	0	0	0	477	
3	0	0	0	0	487	
4	0	0	0	0	495	
5	0	0	0	0	486	
6	0	0	0	0	473	
7	0	0	0	0	477	
8	0	0	0	0	483	
9	0	0	0	0	479	
10	0	0	0	0	477	
11	0	0	0	0	488	
12	0	0	0	0	496	
13	0	0	0	0	492	
14	0	0	0	0	488	
15	0	0	0	0	489	
0	0	0	0	0	492	
1	0	0	0	0	487	
2	0	0	0	0	479	
3	0	0	0	0	487	
4	0	0	0	0	497	
5	0	0	0	0	495	
6	0	0	0	0	492	
7	0	0	0	0	498	
8	0	0	0	0	503	
9	0	0	0	0	500	
10	0	0	0	0	495	
11	0	0	0	0	500	
12	0	0	0	0	504	
13	0	0	0	0	501	
14	0	0	0	0	499	
15	0	0	0	0	508	
0	0	0	0	0	515	
1	0	0	0	0	514	
2	0	0	0	0	513	
3	0	0	0	0	524	
4	0	0	0	0	524	
5	0	0	0	0	517	
6	0	0	0	0	499	
7	0	0	0	0	517	
8	0	0	0	0	527	
9	0	0	0	0	504	
10	0	0	0	0	488	
11	0	0	0	0	490	
12	0	0	0	0	502	
13	0	0	0	0	509	
14	0	0	0	0	506	
15	0	0	0	0	514	
0	0	0	0	0	529	
1	0	0	0	0	529	
2	0	0	0	0	518	
3	0	0	0	0	519	
4	0	0	0	0	517	
5	0	0	0	0	498	
6	0	0	0	0	486	
7	0	0	0	0	493	
8	0	0	0	0	513	
9	0	0	0	0	510	
10	0	0	0	0	498	
11	0	0	0	0	503	
12	0	0	0	0	508	
13	0	0	0	0	500	
14	0	0	0	0	497	
15	0	0	0	0	505	
0	0	0	0	0	505	
1	0	0	0	0	501	
2	0	0	0	0	499	
3	0	0	0	0	501	
4	0	0	0	0	506	
5	0	0	0	0	505	
6	0	0	0	0	486	
7	0	0	0	0	510	
8	0	0	0	0	555	
9	0	0	0	0	545	
10	0	0	0	0	514	
11	0	0	0	0	487	
12	0	0	0	0	482	
13	0	0	0	0	489	
14	0	0	0	0	494	
15	0	0	0	0	501	
0	0	0	0	0	540	
1	0	0	0	0	538	
2	0	0	0	0	522	
3	0	0	0	0	516	
4	0	0	0	0	515	
5	0	0	0	0	508	
6	0	0	0	0	501	
7	0	0	0	0	506	
8	0	0	0	0	514	
9	0	0	0	0	515	
10	0	0	0	0	513	
11	0	0	0	0	520	
12	0	0	0	0	527	
13	0	0	0	0	526	
14	0	0	0	0	527	
15	0	0	0	0	536	
0	0	0	0	0	536	
1	0	0	0	0	526	
2	0	0	0	0	518	
3	0	0	0	0	524	
4	0	0	0	0	532	
5	0	0	0	0	530	
6	0	0	0	0	529	
7	0	0	0	0	536	
8	0	0	0	0	534	
9	0	0	0	0	522	
10	0	0	0	0	513	
11	0	0	0	0	509	
12	0	0	0	0	507	
13	0	0	0	0	495	
14	0	0	0	0	484	
15	0	0	0	0	481	
0	0	0	0	0	486	
1	0	0	0	0	482	
2	0	0	0	0	485	
3	0	0	0	0	497	
4	0	0	0	0	506	
5	0	0	0	0	503	
6	0	0	0	0	499	
7	0	0	0	0	499	
8	0	0	0	0	498	
9	0	0	0	0	490	
10	0	0	0	0	477	
11	0	0	0	0	461	
12	0	0	0	0	453	
13	0	0	0	0	456	
14	0	0	0	0	455	
15	0	0	0	0	463	
0	0	0	0	0	478	
1	0	0	0	0	469	
2	0	0	0	0	474	
3	0	0	0	0	493	
4	0	0	0	0	526	
5	0	0	0	0	497	
6	0	0	0	0	460	
7	0	0	0	0	448	
8	0	0	0	0	460	
9	0	0	0	0	466	
10	0	0	0	0	469	
11	0	0	0	0	463	
12	0	0	0	0	466	
13	0	0	0	0	455	
14	0	0	0	0	450	
15	0	0	0	0	460	
0	0	0	0	0	483	
1	0	0	0	0	482	
2	0	0	0	0	457	
3	0	0	0	0	466	
4	0	0	0	0	521	
5	0	0	0	0	560	
6	0	0	0	0	544	
7	0	0	0	0	504	
8	0	0	0	0	487	
9	0	0	0	0	484	
10	0	0	0	0	487	
11	0	0	0	0	491	
12	0	0	0	0	488	
13	0	0	0	0	483	
14	0	0	0	0	474	
15	0	0	0	0	470	
0	0	0	0	0	480	
1	0	0	0	0	484	
2	0	0	0	0	481	
3	0	0	0	0	496	
4	0	0	0	0	505	
5	0	0	0	0	494	
6	0	0	0	0	480	
7	0	0	0	0	483	
8	0	0	0	0	492	
9	0	0	0	0	488	
10	0	0	0	0	477	
11	0	0	0	0	481	
12	0	0	0	0	491	
13	0	0	0	0	485	
14	0	0	0	0	481	
15	0	0	0	0	490	
0	0	0	0	0	495	
1	0	0	0	0	489	
2	0	0	0	0	481	
3	0	0	0	0	487	
4	0	0	0	0	492	
5	0	0	0	0	488	
6	0	0	0	0	485	
7	0	0	0	0	492	
8	0	0	0	0	496	
9	0	0	0	0	489	
10	0	0	0	0	483	
11	0	0	0	0	485	
12	0	0	0	0	489	
13	0	0	0	0	480	
14	0	0	0	0	463	
15	0	0	0	0	452	
0	0	0	0	0	468	
1	0	0	0	0	467	
2	0	0	0	0	466	
3	0	0	0	0	471	
4	0	0	0	0	466	
5	0	0	0	0	466	
6	0	0	0	0	449	
7	0	0	0	0	444	
8	0	0	0	0	441	
9	0	0	0	0	449	
10	0	0	0	0	463	
11	0	0	0	0	459	
12	0	0	0	0	479	
13	0	0	0	0	470	
14	0	0	0	0	472	
15	0	0	0	0	487	
0	0	0	0	0	516	
1	0	0	0	0	524	
2	0	0	0	0	507	
3	0	0	0	0	503	
4	0	0	0	0	509	
5	0	0	0	0	503	
6	0	0	0	0	496	
7	0	0	0	0	505	
8	0	0	0	0	526	
9	0	0	0	0	540	
10	0	0	0	0	536	
11	0	0	0	0	528	
12	0	0	0	0	526	
13	0	0	0	0	526	
14	0	0	0	0	519	
15	0	0	0	0	515	
0	0	0	0	0	520	
1	0	0	0	0	520	
2	0	0	0	0	515	
3	0	0	0	0	522	
4	0	0	0	0	530	
5	0	0	0	0	524	
6	0	0	0	0	519	
7	0	0	0	0	529	
8	0	0	0	0	533	
9	0	0	0	0	529	
10	0	0	0	0	525	
11	0	0	0	0	526	
12	0	0	0	0	530	
13	0	0	0	0	532	
14	0	0	0	0	532	
15	0	0	0	0	542	
0	0	0	0	0	544	
1	0	0	0	0	536	
2	0	0	0	0	528	
3	0	0	0	0	530	
4	0	0	0	0	528	
5	0	0	0	0	518	
6	0	0	0	0	515	
7	0	0	0	0	529	
8	0	0	0	0	528	
9	0	0	0	0	522	
10	0	0	0	0	515	
11	0	0	0	0	519	
12	0	0	0	0	520	
13	0	0	0	0	510	
14	0	0	0	0	493	
15	0	0	0	0	490	
0	0	0	0	0	489	
1	0	0	0	0	477	
2	0	0	0	0	471	
3	0	0	0	0	482	
4	0	0	0	0	484	
5	0	0	0	0	484	
6	0	0	0	0	483	
7	0	0	0	0	496	
8	0	0	0	0	512	
9	0	0	0	0	512	
10	0	0	0	0	514	
11	0	0	0	0	532	
12	0	0	0	0	515	
13	0	0	0	0	488	
14	0	0	0	0	480	
15	0	0	0	0	489	
0	0	0	0	0	495	
1	0	0	0	0	496	
2	0	0	0	0	518	
3	0	0	0	0	552	
4	0	0	0	0	571	
5	0	0	0	0	529	
6	0	0	0	0	493	
7	0	0	0	0	502	
8	0	0	0	0	505	
9	0	0	0	0	497	
10	0	0	0	0	500	
11	0	0	0	0	509	
12	0	0	0	0	510	
13	0	0	0	0	500	
14	0	0	0	0	524	
15	0	0	0	0	523	
0	0	0	0	0	489	
1	0	0	0	0	476	
2	0	0	0	0	504	
3	0	0	0	0	499	
4	0	0	0	0	478	
5	0	0	0	0	487	
6	0	0	0	0	495	
7	0	0	0	0	520	
8	0	0	0	0	524	
9	0	0	0	0	509	
10	0	0	0	0	501	
11	0	0	0	0	524	
12	0	0	0	0	540	
13	0	0	0	0	539	
14	0	0	0	0	533	
15	0	0	0	0	518	
0	0	0	0	0	496	
1	0	0	0	0	477	
2	0	0	0	0	470	
3	0	0	0	0	475	
4	0	0	0	0	477	
5	0	0	0	0	471	
6	0	0	0	0	465	
7	0	0	0	0	481	
8	0	0	0	0	498	
9	0	0	0	0	527	
10	0	0	0	0	547	
11	0	0	0	0	490	
12	0	0	0	0	477	
13	0	0	0	0	476	
14	0	0	0	0	463	
15	0	0	0	0	476	
0	0	0	0	0	481	
1	0	0	0	0	476	
2	0	0	0	0	484	
3	0	0	0	0	491	
4	0	0	0	0	490	
5	0	0	0	0	479	
6	0	0	0	0	469	
7	0	0	0	0	475	
8	0	0	0	0	488	
9	0	0	0	0	486	
10	0	0	0	0	481	
11	0	0	0	0	489	
12	0	0	0	0	493	
13	0	0	0	0	490	
14	0	0	0	0	480	
15	0	0	0	0	479	
0	0	0	0	0	481	
1	0	0	0	0	471	
2	0	0	0	0	476	
3	0	0	0	0	490	
4	0	0	0	0	487	
5	0	0	0	0	480	
6	0	0	0	0	470	
7	0	0	0	0	476	
8	0	0	0	0	481	
9	0	0	0	0	472	
10	0	0	0	0	467	
11	0	0	0	0	476	
12	0	0	0	0	487	
13	0	0	0	0	486	
14	0	0	0	0	481	
15	0	0	0	0	479	
0	0	0	0	0	477	
1	0	0	0	0	473	
2	0	0	0	0	468	
3	0	0	0	0	476	
4	0	0	0	0	482	
5	0	0	0	0	472	
6	0	0	0	0	470	
7	0	0	0	0	481	
8	0	0	0	0	478	
9	0	0	0	0	470	
10	0	0	0	0	465	
11	0	0	0	0	475	
12	0	0	0	0	479	
13	0	0	0	0	475	
14	0	0	0	0	469	
15	0	0	0	0	472	
0	0	0	0	0	477	
1	0	0	0	0	474	
2	0	0	0	0	470	
3	0	0	0	0	477	
4	0	0	0	0	483	
5	0	0	0	0	478	
6	0	0	0	0	470	
7	0	0	0	0	472	
8	0	0	0	0	476	
9	0	0	0	0	478	
10	0	0	0	0	473	
11	0	0	0	0	478	
12	0	0	0	0	480	
13	0	0	0	0	474	
14	0	0	0	0	469	
15	0	0	0	0	479	
0	0	0	0	0	484	
1	0	0	0	0	479	
2	0	0	0	0	473	
3	0	0	0	0	476	
4	0	0	0	0	481	
5	0	0	0	0	476	
6	0	0	0	0	473	
7	0	0	0	0	481	
8	0	0	0	0	483	
9	0	0	0	0	477	
10	0	0	0	0	471	
11	0	0	0	0	476	
12	0	0	0	0	482	
13	0	0	0	0	476	
14	0	0	0	0	475	
15	0	0	0	0	484	
0	0	0	0	0	487	
1	0	0	0	0	481	
2	0	0	0	0	473	
3	0	0	0	0	481	
4	0	0	0	0	485	
5	0	0	0	0	479	
6	0	0	0	0	472	
7	0	0	0	0	477	
8	0	0	0	0	484	
9	0	0	0	0	483	
10	0	0	0	0	484	
11	0	0	0	0	491	
12	0	0	0	0	492	
13	0	0	0	0	483	
14	0	0	0	0	478	
15	0	0	0	0	487	
0	0	0	0	0	488	
1	0	0	0	0	482	
2	0	0	0	0	480	
3	0	0	0	0	489	
4	0	0	0	0	496	
5	0	0	0	0	490	
6	0	0	0	0	482	
7	0	0	0	0	488	
8	0	0	0	0	495	
9	0	0	0	0	489	
10	0	0	0	0	485	
11	0	0	0	0	491	
12	0	0	0	0	495	
13	0	0	0	0	492	
14	0	0	0	0	489	
15	0	0	0	0	496	
0	0	0	0	0	500	
1	0	0	0	0	492	
2	0	0	0	0	484	
3	0	0	0	0	492	
4	0	0	0	0	500	
5	0	0	0	0	494	
6	0	0	0	0	489	
7	0	0	0	0	505	
8	0	0	0	0	519	
9	0	0	0	0	521	
10	0	0	0	0	523	
11	0	0	0	0	535	
12	0	0	0	0	530	
13	0	0	0	0	522	
14	0	0	0	0	524	
15	0	0	0	0	521	
0	0	0	0	0	512	
1	0	0	0	0	507	
2	0	0	0	0	512	
3	0	0	0	0	523	
4	0	0	0	0	533	
5	0	0	0	0	527	
6	0	0	0	0	524	
7	0	0	0	0	531	
8	0	0	0	0	536	
9	0	0	0	0	524	
10	0	0	0	0	508	
11	0	0	0	0	503	
12	0	0	0	0	500	
13	0	0	0	0	496	
14	0	0	0	0	492	
15	0	0	0	0	495	
0	0	0	0	0	497	
1	0	0	0	0	509	
2	0	0	0	0	505	
3	0	0	0	0	500	
4	0	0	0	0	490	
5	0	0	0	0	487	
6	0	0	0	0	488	
7	0	0	0	0	494	
8	0	0	0	0	497	
9	0	0	0	0	485	
10	0	0	0	0	482	
11	0	0	0	0	464	
12	0	0	0	0	444	
13	0	0	0	0	488	
14	0	0	0	0	569	
15	0	0	0	0	542	
0	0	0	0	0	485	
1	0	0	0	0	467	
2	0	0	0	0	479	
3	0	0	0	0	487	
4	0	0	0	0	508	
5	0	0	0	0	514	
6	0	0	0	0	496	
7	0	0	0	0	489	
8	0	0	0	0	487	
9	0	0	0	0	485	
10	0	0	0	0	491	
11	0	0	0	0	516	
12	0	0	0	0	531	
13	0	0	0	0	542	
14	0	0	0	0	546	
15	0	0	0	0	556	
0	0	0	0	0	540	
1	0	0	0	0	559	
2	0	0	0	0	577	
3	0	0	0	0	563	
4	0	0	0	0	585	
5	0	0	0	0	577	
6	0	0	0	0	557	
7	0	0	0	0	547	
8	0	0	0	0	543	
9	0	0	0	0	531	
10	0	0	0	0	518	
11	0	0	0	0	524	
12	0	0	0	0	529	
13	0	0	0	0	519	
14	0	0	0	0	506	
15	0	0	0	0	509	
0	0	0	0	0	520	
1	0	0	0	0	504	
2	0	0	0	0	499	
3	0	0	0	0	521	
4	0	0	0	0	507	
5	0	0	0	0	473	
6	0	0	0	0	461	
7	0	0	0	0	465	
8	0	0	0	0	458	
9	0	0	0	0	444	
10	0	0	0	0	435	
11	0	0	0	0	439	
12	0	0	0	0	436	
13	0	0	0	0	433	
14	0	0	0	0	440	
15	0	0	0	0	455	
0	0	0	0	0	460	
1	0	0	0	0	447	
2	0	0	0	0	440	
3	0	0	0	0	459	
4	0	0	0	0	468	
5	0	0	0	0	459	
6	0	0	0	0	486	
7	0	0	0	0	493	
8	0	0	0	0	489	
9	0	0	0	0	487	
10	0	0	0	0	484	
11	0	0	0	0	492	
12	0	0	0	0	493	
13	0	0	0	0	483	
14	0	0	0	0	469	
15	0	0	0	0	474	
0	0	0	0	0	483	
1	0	0	0	0	483	
2	0	0	0	0	475	
3	0	0	0	0	483	
4	0	0	0	0	472	
5	0	0	0	0	463	
6	0	0	0	0	454	
7	0	0	0	0	465	
8	0	0	0	0	488	
9	0	0	0	0	485	
10	0	0	0	0	460	
11	0	0	0	0	467	
12	0	0	0	0	504	
13	0	0	0	0	506	
14	0	0	0	0	496	
15	0	0	0	0	494	
0	0	0	0	0	490	
1	0	0	0	0	482	
2	0	0	0	0	470	
3	0	0	0	0	465	
4	0	0	0	0	459	
5	0	0	0	0	461	
6	0	0	0	0	465	
7	0	0	0	0	470	
8	0	0	0	0	472	
9	0	0	0	0	472	
10	0	0	0	0	477	
11	0	0	0	0	486	
12	0	0	0	0	488	
13	0	0	0	0	479	
14	0	0	0	0	476	
15	0	0	0	0	485	
0	0	0	0	0	489	
1	0	0	0	0	479	
2	0	0	0	0	468	
3	0	0	0	0	476	
4	0	0	0	0	486	
5	0	0	0	0	478	
6	0	0	0	0	468	
7	0	0	0	0	473	
8	0	0	0	0	484	
9	0	0	0	0	478	
10	0	0	0	0	471	
11	0	0	0	0	478	
12	0	0	0	0	487	
13	0	0	0	0	481	
14	0	0	0	0	476	
15	0	0	0	0	481	
0	0	0	0	0	484	
1	0	0	0	0	479	
2	0	0	0	0	474	
3	0	0	0	0	481	
4	0	0	0	0	486	
5	0	0	0	0	481	
6	0	0	0	0	476	
7	0	0	0	0	486	
8	0	0	0	0	494	
9	0	0	0	0	489	
10	0	0	0	0	486	
11	0	0	0	0	493	
12	0	0	0	0	502	
13	0	0	0	0	497	
14	0	0	0	0	487	
15	0	0	0	0	487	
0	0	0	0	0	487	
1	0	0	0	0	480	
2	0	0	0	0	477	
3	0	0	0	0	484	
4	0	0	0	0	492	
5	0	0	0	0	491	
6	0	0	0	0	487	
7	0	0	0	0	492	
8	0	0	0	0	499	
9	0	0	0	0	495	
10	0	0	0	0	489	
11	0	0	0	0	492	
12	0	0	0	0	495	
13	0	0	0	0	489	
14	0	0	0	0	483	
15	0	0	0	0	489	
0	0	0	0	0	492	
1	0	0	0	0	487	
2	0	0	0	0	482	
3	0	0	0	0	489	
4	0	0	0	0	497	
5	0	0	0	0	494	
6	0	0	0	0	489	
7	0	0	0	0	495	
8	0	0	0	0	501	
9	0	0	0	0	497	
10	0	0	0	0	492	
11	0	0	0	0	499	
12	0	0	0	0	504	
13	0	0	0	0	498	
14	0	0	0	0	493	
15	0	0	0	0	495	
0	0	0	0	0	498	
1	0	0	0	0	491	
2	0	0	0	0	484	
3	0	0	0	0	489	
4	0	0	0	0	493	
5	0	0	0	0	490	
6	0	0	0	0	487	
7	0	0	0	0	493	
8	0	0	0	0	496	
9	0	0	0	0	491	
10	0	0	0	0	487	
11	0	0	0	0	493	
12	0	0	0	0	496	
13	0	0	0	0	491	
14	0	0	0	0	487	
15	0	0	0	0	495	
0	0	0	0	0	501	
1	0	0	0	0	496	
2	0	0	0	0	488	
3	0	0	0	0	493	
4	0	0	0	0	498	
5	0	0	0	0	494	
6	0	0	0	0	488	
7	0	0	0	0	494	
8	0	0	0	0	499	
9	0	0	0	0	492	
10	0	0	0	0	487	
11	0	0	0	0	495	
12	0	0	0	0	500	
13	0	0	0	0	494	
14	0	0	0	0	487	
15	0	0	0	0	493	
0	0	0	0	0	500	
1	0	0	0	0	494	
2	0	0	0	0	489	
3	0	0	0	0	494	
4	0	0	0	0	499	
5	0	0	0	0	495	
6	0	0	0	0	489	
7	0	0	0	0	495	
8	0	0	0	0	500	
9	0	0	0	0	494	
10	0	0	0	0	487	
11	0	0	0	0	495	
12	0	0	0	0	500	
13	0	0	0	0	495	
14	0	0	0	0	489	
15	0	0	0	0	495	
0	0	0	0	0	500	
1	0	0	0	0	494	
2	0	0	0	0	489	
3	0	0	0	0	496	
4	0	0	0	0	500	
5	0	0	0	0	496	
6	0	0	0	0	490	
7	0	0	0	0	495	
8	0	0	0	0	500	
9	0	0	0	0	495	
10	0	0	0	0	489	
11	0	0	0	0	495	
12	0	0	0	0	499	
13	0	0	0	0	494	
14	0	0	0	0	488	
15	0	0	0	0	495	
0	0	0	0	0	499	
1	0	0	0	0	494	
2	0	0	0	0	488	
3	0	0	0	0	495	
4	0	0	0	0	500	
5	0	0	0	0	494	
6	0	0	0	0	489	
7	0	0	0	0	495	
8	0	0	0	0	500	
9	0	0	0	0	495	
10	0	0	0	0	489	
11	0	0	0	0	495	
12	0	0	0	0	500	
13	0	0	0	0	495	
