# OpenSignals Text File Format. Version 1
# {"98:D3:41:FD:4F:1F": {"position": 0, "device": "bitalino_rev", "device name": "98:D3:41:FD:4F:1F", "device connection": "BTH98:D3:41:FD:4F:1F", "sampling rate": 100, "resolution": [4, 1, 1, 1, 1, 10], "firmware version": 1281, "comments": "", "keywords": "", "mode": 0, "sync interval": 2, "date": "2021-2-5", "time": "10:26:52.780", "channels": [5], "sensor": ["ACCBITREV"], "label": ["A5"], "column": ["nSeq", "I1", "I2", "O1", "O2", "A5"], "special": [{}], "digital IO": [0, 0, 1, 1]}}
# EndOfHeader
0	0	0	0	0	617	
1	0	0	0	0	595	
2	0	0	0	0	556	
3	0	0	0	0	553	
4	0	0	0	0	570	
5	0	0	0	0	598	
6	0	0	0	0	667	
7	0	0	0	0	721	
8	0	0	0	0	695	
9	0	0	0	0	631	
10	0	0	0	0	569	
11	0	0	0	0	543	
12	0	0	0	0	537	
13	0	0	0	0	553	
14	0	0	0	0	591	
15	0	0	0	0	654	
0	0	0	0	0	702	
1	0	0	0	0	721	
2	0	0	0	0	691	
3	0	0	0	0	646	
4	0	0	0	0	624	
5	0	0	0	0	624	
6	0	0	0	0	641	
7	0	0	0	0	635	
8	0	0	0	0	647	
9	0	0	0	0	671	
10	0	0	0	0	667	
11	0	0	0	0	645	
12	0	0	0	0	608	
13	0	0	0	0	579	
14	0	0	0	0	613	
15	0	0	0	0	688	
0	0	0	0	0	748	
1	0	0	0	0	764	
2	0	0	0	0	735	
3	0	0	0	0	671	
4	0	0	0	0	637	
5	0	0	0	0	622	
6	0	0	0	0	625	
7	0	0	0	0	658	
8	0	0	0	0	691	
9	0	0	0	0	707	
10	0	0	0	0	719	
11	0	0	0	0	721	
12	0	0	0	0	712	
13	0	0	0	0	703	
14	0	0	0	0	714	
15	0	0	0	0	743	
0	0	0	0	0	751	
1	0	0	0	0	716	
2	0	0	0	0	670	
3	0	0	0	0	653	
4	0	0	0	0	674	
5	0	0	0	0	708	
6	0	0	0	0	724	
7	0	0	0	0	726	
8	0	0	0	0	718	
9	0	0	0	0	689	
10	0	0	0	0	664	
11	0	0	0	0	657	
12	0	0	0	0	654	
13	0	0	0	0	647	
14	0	0	0	0	640	
15	0	0	0	0	641	
0	0	0	0	0	646	
1	0	0	0	0	638	
2	0	0	0	0	633	
3	0	0	0	0	640	
4	0	0	0	0	644	
5	0	0	0	0	631	
6	0	0	0	0	614	
7	0	0	0	0	608	
8	0	0	0	0	604	
9	0	0	0	0	592	
10	0	0	0	0	581	
11	0	0	0	0	593	
12	0	0	0	0	611	
13	0	0	0	0	615	
14	0	0	0	0	615	
15	0	0	0	0	620	
0	0	0	0	0	618	
1	0	0	0	0	598	
2	0	0	0	0	585	
3	0	0	0	0	581	
4	0	0	0	0	585	
5	0	0	0	0	591	
6	0	0	0	0	590	
7	0	0	0	0	590	
8	0	0	0	0	595	
9	0	0	0	0	599	
10	0	0	0	0	583	
11	0	0	0	0	574	
12	0	0	0	0	582	
13	0	0	0	0	587	
14	0	0	0	0	581	
15	0	0	0	0	579	
0	0	0	0	0	587	
1	0	0	0	0	589	
2	0	0	0	0	587	
3	0	0	0	0	586	
4	0	0	0	0	592	
5	0	0	0	0	595	
6	0	0	0	0	586	
7	0	0	0	0	583	
8	0	0	0	0	582	
9	0	0	0	0	564	
10	0	0	0	0	544	
11	0	0	0	0	531	
12	0	0	0	0	536	
13	0	0	0	0	540	
14	0	0	0	0	523	
15	0	0	0	0	535	
0	0	0	0	0	557	
1	0	0	0	0	560	
2	0	0	0	0	544	
3	0	0	0	0	527	
4	0	0	0	0	507	
5	0	0	0	0	491	
6	0	0	0	0	481	
7	0	0	0	0	483	
8	0	0	0	0	504	
9	0	0	0	0	510	
10	0	0	0	0	498	
11	0	0	0	0	489	
12	0	0	0	0	489	
13	0	0	0	0	485	
14	0	0	0	0	473	
15	0	0	0	0	479	
0	0	0	0	0	486	
1	0	0	0	0	464	
2	0	0	0	0	463	
3	0	0	0	0	473	
4	0	0	0	0	492	
5	0	0	0	0	494	
6	0	0	0	0	464	
7	0	0	0	0	451	
8	0	0	0	0	444	
9	0	0	0	0	431	
10	0	0	0	0	427	
11	0	0	0	0	453	
12	0	0	0	0	483	
13	0	0	0	0	483	
14	0	0	0	0	486	
15	0	0	0	0	503	
0	0	0	0	0	517	
1	0	0	0	0	511	
2	0	0	0	0	504	
3	0	0	0	0	505	
4	0	0	0	0	505	
5	0	0	0	0	513	
6	0	0	0	0	530	
7	0	0	0	0	566	
8	0	0	0	0	577	
9	0	0	0	0	498	
10	0	0	0	0	435	
11	0	0	0	0	409	
12	0	0	0	0	423	
13	0	0	0	0	493	
14	0	0	0	0	554	
15	0	0	0	0	620	
0	0	0	0	0	656	
1	0	0	0	0	619	
2	0	0	0	0	547	
3	0	0	0	0	494	
4	0	0	0	0	475	
5	0	0	0	0	490	
6	0	0	0	0	532	
7	0	0	0	0	643	
8	0	0	0	0	724	
9	0	0	0	0	723	
10	0	0	0	0	657	
11	0	0	0	0	599	
12	0	0	0	0	590	
13	0	0	0	0	572	
14	0	0	0	0	582	
15	0	0	0	0	639	
0	0	0	0	0	680	
1	0	0	0	0	655	
2	0	0	0	0	568	
3	0	0	0	0	552	
4	0	0	0	0	581	
5	0	0	0	0	623	
6	0	0	0	0	662	
7	0	0	0	0	679	
8	0	0	0	0	665	
9	0	0	0	0	643	
10	0	0	0	0	605	
11	0	0	0	0	577	
12	0	0	0	0	572	
13	0	0	0	0	579	
14	0	0	0	0	601	
15	0	0	0	0	657	
0	0	0	0	0	703	
1	0	0	0	0	677	
2	0	0	0	0	600	
3	0	0	0	0	578	
4	0	0	0	0	592	
5	0	0	0	0	599	
6	0	0	0	0	603	
7	0	0	0	0	632	
8	0	0	0	0	666	
9	0	0	0	0	665	
10	0	0	0	0	633	
11	0	0	0	0	620	
12	0	0	0	0	639	
13	0	0	0	0	643	
14	0	0	0	0	630	
15	0	0	0	0	638	
0	0	0	0	0	655	
1	0	0	0	0	679	
2	0	0	0	0	722	
3	0	0	0	0	741	
4	0	0	0	0	708	
5	0	0	0	0	677	
6	0	0	0	0	673	
7	0	0	0	0	684	
8	0	0	0	0	702	
9	0	0	0	0	725	
10	0	0	0	0	740	
11	0	0	0	0	752	
12	0	0	0	0	747	
13	0	0	0	0	730	
14	0	0	0	0	725	
15	0	0	0	0	736	
0	0	0	0	0	739	
1	0	0	0	0	723	
2	0	0	0	0	704	
3	0	0	0	0	697	
4	0	0	0	0	711	
5	0	0	0	0	721	
6	0	0	0	0	719	
7	0	0	0	0	712	
8	0	0	0	0	696	
9	0	0	0	0	672	
10	0	0	0	0	644	
11	0	0	0	0	650	
12	0	0	0	0	670	
13	0	0	0	0	663	
14	0	0	0	0	646	
15	0	0	0	0	651	
0	0	0	0	0	667	
1	0	0	0	0	661	
2	0	0	0	0	652	
3	0	0	0	0	659	
4	0	0	0	0	679	
5	0	0	0	0	668	
6	0	0	0	0	664	
7	0	0	0	0	638	
8	0	0	0	0	591	
9	0	0	0	0	556	
10	0	0	0	0	550	
11	0	0	0	0	571	
12	0	0	0	0	601	
13	0	0	0	0	605	
14	0	0	0	0	587	
15	0	0	0	0	571	
0	0	0	0	0	568	
1	0	0	0	0	576	
2	0	0	0	0	591	
3	0	0	0	0	608	
4	0	0	0	0	604	
5	0	0	0	0	593	
6	0	0	0	0	591	
7	0	0	0	0	582	
8	0	0	0	0	548	
9	0	0	0	0	528	
10	0	0	0	0	515	
11	0	0	0	0	525	
12	0	0	0	0	527	
13	0	0	0	0	509	
14	0	0	0	0	501	
15	0	0	0	0	493	
0	0	0	0	0	452	
1	0	0	0	0	436	
2	0	0	0	0	457	
3	0	0	0	0	492	
4	0	0	0	0	500	
5	0	0	0	0	465	
6	0	0	0	0	408	
7	0	0	0	0	372	
8	0	0	0	0	366	
9	0	0	0	0	364	
10	0	0	0	0	370	
11	0	0	0	0	382	
12	0	0	0	0	382	
13	0	0	0	0	364	
14	0	0	0	0	353	
15	0	0	0	0	379	
0	0	0	0	0	404	
1	0	0	0	0	408	
2	0	0	0	0	393	
3	0	0	0	0	383	
4	0	0	0	0	385	
5	0	0	0	0	380	
6	0	0	0	0	375	
7	0	0	0	0	399	
8	0	0	0	0	413	
9	0	0	0	0	415	
10	0	0	0	0	420	
11	0	0	0	0	446	
12	0	0	0	0	473	
13	0	0	0	0	486	
14	0	0	0	0	499	
15	0	0	0	0	508	
0	0	0	0	0	556	
1	0	0	0	0	632	
2	0	0	0	0	667	
3	0	0	0	0	670	
4	0	0	0	0	579	
5	0	0	0	0	484	
6	0	0	0	0	498	
7	0	0	0	0	594	
8	0	0	0	0	730	
9	0	0	0	0	808	
10	0	0	0	0	825	
11	0	0	0	0	812	
12	0	0	0	0	743	
13	0	0	0	0	663	
14	0	0	0	0	620	
15	0	0	0	0	684	
0	0	0	0	0	779	
1	0	0	0	0	855	
2	0	0	0	0	822	
3	0	0	0	0	733	
4	0	0	0	0	692	
5	0	0	0	0	720	
6	0	0	0	0	809	
7	0	0	0	0	863	
8	0	0	0	0	867	
9	0	0	0	0	864	
10	0	0	0	0	858	
11	0	0	0	0	864	
12	0	0	0	0	859	
13	0	0	0	0	803	
14	0	0	0	0	783	
15	0	0	0	0	799	
0	0	0	0	0	801	
1	0	0	0	0	795	
2	0	0	0	0	817	
3	0	0	0	0	825	
4	0	0	0	0	788	
5	0	0	0	0	749	
6	0	0	0	0	717	
7	0	0	0	0	705	
8	0	0	0	0	703	
9	0	0	0	0	694	
10	0	0	0	0	683	
11	0	0	0	0	663	
12	0	0	0	0	649	
13	0	0	0	0	619	
14	0	0	0	0	606	
15	0	0	0	0	622	
0	0	0	0	0	609	
1	0	0	0	0	579	
2	0	0	0	0	574	
3	0	0	0	0	584	
4	0	0	0	0	575	
5	0	0	0	0	547	
6	0	0	0	0	519	
7	0	0	0	0	515	
8	0	0	0	0	523	
9	0	0	0	0	550	
10	0	0	0	0	557	
11	0	0	0	0	536	
12	0	0	0	0	526	
13	0	0	0	0	488	
14	0	0	0	0	454	
15	0	0	0	0	461	
0	0	0	0	0	444	
1	0	0	0	0	423	
2	0	0	0	0	422	
3	0	0	0	0	424	
4	0	0	0	0	406	
5	0	0	0	0	385	
6	0	0	0	0	377	
7	0	0	0	0	389	
8	0	0	0	0	404	
9	0	0	0	0	356	
10	0	0	0	0	292	
11	0	0	0	0	241	
12	0	0	0	0	235	
13	0	0	0	0	251	
14	0	0	0	0	289	
15	0	0	0	0	323	
0	0	0	0	0	337	
1	0	0	0	0	337	
2	0	0	0	0	338	
3	0	0	0	0	360	
4	0	0	0	0	393	
5	0	0	0	0	399	
6	0	0	0	0	397	
7	0	0	0	0	421	
8	0	0	0	0	462	
9	0	0	0	0	461	
10	0	0	0	0	423	
11	0	0	0	0	423	
12	0	0	0	0	429	
13	0	0	0	0	412	
14	0	0	0	0	419	
15	0	0	0	0	471	
0	0	0	0	0	532	
1	0	0	0	0	610	
2	0	0	0	0	620	
3	0	0	0	0	567	
4	0	0	0	0	490	
5	0	0	0	0	462	
6	0	0	0	0	563	
7	0	0	0	0	707	
8	0	0	0	0	781	
9	0	0	0	0	719	
10	0	0	0	0	615	
11	0	0	0	0	579	
12	0	0	0	0	639	
13	0	0	0	0	724	
14	0	0	0	0	813	
15	0	0	0	0	855	
0	0	0	0	0	815	
1	0	0	0	0	790	
2	0	0	0	0	762	
3	0	0	0	0	747	
4	0	0	0	0	798	
5	0	0	0	0	861	
6	0	0	0	0	857	
7	0	0	0	0	863	
8	0	0	0	0	866	
9	0	0	0	0	862	
10	0	0	0	0	858	
11	0	0	0	0	863	
12	0	0	0	0	866	
13	0	0	0	0	846	
14	0	0	0	0	827	
15	0	0	0	0	813	
0	0	0	0	0	790	
1	0	0	0	0	768	
2	0	0	0	0	760	
3	0	0	0	0	775	
4	0	0	0	0	783	
5	0	0	0	0	755	
6	0	0	0	0	736	
7	0	0	0	0	719	
8	0	0	0	0	691	
9	0	0	0	0	682	
10	0	0	0	0	676	
11	0	0	0	0	674	
12	0	0	0	0	690	
13	0	0	0	0	664	
14	0	0	0	0	614	
15	0	0	0	0	582	
0	0	0	0	0	561	
1	0	0	0	0	508	
2	0	0	0	0	481	
3	0	0	0	0	523	
4	0	0	0	0	576	
5	0	0	0	0	564	
6	0	0	0	0	493	
7	0	0	0	0	452	
8	0	0	0	0	441	
9	0	0	0	0	374	
10	0	0	0	0	312	
11	0	0	0	0	348	
12	0	0	0	0	419	
13	0	0	0	0	409	
14	0	0	0	0	351	
15	0	0	0	0	330	
0	0	0	0	0	350	
1	0	0	0	0	363	
2	0	0	0	0	330	
3	0	0	0	0	291	
4	0	0	0	0	311	
5	0	0	0	0	340	
6	0	0	0	0	353	
7	0	0	0	0	379	
8	0	0	0	0	394	
9	0	0	0	0	395	
10	0	0	0	0	401	
11	0	0	0	0	419	
12	0	0	0	0	446	
13	0	0	0	0	450	
14	0	0	0	0	456	
15	0	0	0	0	462	
0	0	0	0	0	463	
1	0	0	0	0	462	
2	0	0	0	0	459	
3	0	0	0	0	477	
4	0	0	0	0	512	
5	0	0	0	0	513	
6	0	0	0	0	466	
7	0	0	0	0	446	
8	0	0	0	0	477	
9	0	0	0	0	533	
10	0	0	0	0	606	
11	0	0	0	0	647	
12	0	0	0	0	642	
13	0	0	0	0	571	
14	0	0	0	0	482	
15	0	0	0	0	419	
0	0	0	0	0	425	
1	0	0	0	0	438	
2	0	0	0	0	489	
3	0	0	0	0	583	
4	0	0	0	0	660	
5	0	0	0	0	687	
6	0	0	0	0	690	
7	0	0	0	0	714	
8	0	0	0	0	750	
9	0	0	0	0	746	
10	0	0	0	0	728	
11	0	0	0	0	759	
12	0	0	0	0	788	
13	0	0	0	0	798	
14	0	0	0	0	801	
15	0	0	0	0	790	
0	0	0	0	0	752	
1	0	0	0	0	706	
2	0	0	0	0	690	
3	0	0	0	0	678	
4	0	0	0	0	677	
5	0	0	0	0	677	
6	0	0	0	0	718	
7	0	0	0	0	790	
8	0	0	0	0	850	
9	0	0	0	0	833	
10	0	0	0	0	787	
11	0	0	0	0	719	
12	0	0	0	0	665	
13	0	0	0	0	602	
14	0	0	0	0	578	
15	0	0	0	0	636	
0	0	0	0	0	716	
1	0	0	0	0	732	
2	0	0	0	0	713	
3	0	0	0	0	700	
4	0	0	0	0	700	
5	0	0	0	0	701	
6	0	0	0	0	726	
7	0	0	0	0	773	
8	0	0	0	0	781	
9	0	0	0	0	752	
10	0	0	0	0	732	
11	0	0	0	0	708	
12	0	0	0	0	678	
13	0	0	0	0	645	
14	0	0	0	0	626	
15	0	0	0	0	630	
0	0	0	0	0	654	
1	0	0	0	0	671	
2	0	0	0	0	645	
3	0	0	0	0	617	
4	0	0	0	0	597	
5	0	0	0	0	569	
6	0	0	0	0	557	
7	0	0	0	0	586	
8	0	0	0	0	629	
9	0	0	0	0	636	
10	0	0	0	0	607	
11	0	0	0	0	591	
12	0	0	0	0	589	
13	0	0	0	0	591	
14	0	0	0	0	616	
15	0	0	0	0	630	
0	0	0	0	0	635	
1	0	0	0	0	625	
2	0	0	0	0	608	
3	0	0	0	0	600	
4	0	0	0	0	595	
5	0	0	0	0	590	
6	0	0	0	0	595	
7	0	0	0	0	614	
8	0	0	0	0	620	
9	0	0	0	0	622	
10	0	0	0	0	608	
11	0	0	0	0	590	
12	0	0	0	0	567	
13	0	0	0	0	532	
14	0	0	0	0	532	
15	0	0	0	0	562	
0	0	0	0	0	575	
1	0	0	0	0	585	
2	0	0	0	0	597	
3	0	0	0	0	608	
4	0	0	0	0	596	
5	0	0	0	0	587	
6	0	0	0	0	569	
7	0	0	0	0	544	
8	0	0	0	0	523	
9	0	0	0	0	513	
10	0	0	0	0	528	
11	0	0	0	0	552	
12	0	0	0	0	561	
13	0	0	0	0	552	
14	0	0	0	0	529	
15	0	0	0	0	508	
0	0	0	0	0	495	
1	0	0	0	0	497	
2	0	0	0	0	518	
3	0	0	0	0	541	
4	0	0	0	0	548	
5	0	0	0	0	533	
6	0	0	0	0	491	
7	0	0	0	0	454	
8	0	0	0	0	448	
9	0	0	0	0	499	
10	0	0	0	0	553	
11	0	0	0	0	586	
12	0	0	0	0	549	
13	0	0	0	0	455	
14	0	0	0	0	397	
15	0	0	0	0	387	
0	0	0	0	0	411	
1	0	0	0	0	461	
2	0	0	0	0	520	
3	0	0	0	0	557	
4	0	0	0	0	511	
5	0	0	0	0	431	
6	0	0	0	0	391	
7	0	0	0	0	404	
8	0	0	0	0	424	
9	0	0	0	0	403	
10	0	0	0	0	387	
11	0	0	0	0	400	
12	0	0	0	0	409	
13	0	0	0	0	404	
14	0	0	0	0	376	
15	0	0	0	0	383	
0	0	0	0	0	392	
1	0	0	0	0	385	
2	0	0	0	0	390	
3	0	0	0	0	414	
4	0	0	0	0	436	
5	0	0	0	0	424	
6	0	0	0	0	405	
7	0	0	0	0	417	
8	0	0	0	0	440	
9	0	0	0	0	445	
10	0	0	0	0	438	
11	0	0	0	0	440	
12	0	0	0	0	446	
13	0	0	0	0	450	
14	0	0	0	0	469	
15	0	0	0	0	505	
0	0	0	0	0	540	
1	0	0	0	0	543	
2	0	0	0	0	534	
3	0	0	0	0	508	
4	0	0	0	0	476	
5	0	0	0	0	454	
6	0	0	0	0	497	
7	0	0	0	0	591	
8	0	0	0	0	672	
9	0	0	0	0	705	
10	0	0	0	0	688	
11	0	0	0	0	627	
12	0	0	0	0	564	
13	0	0	0	0	527	
14	0	0	0	0	584	
15	0	0	0	0	701	
0	0	0	0	0	768	
1	0	0	0	0	765	
2	0	0	0	0	700	
3	0	0	0	0	651	
4	0	0	0	0	644	
5	0	0	0	0	660	
6	0	0	0	0	705	
7	0	0	0	0	715	
8	0	0	0	0	666	
9	0	0	0	0	652	
10	0	0	0	0	657	
11	0	0	0	0	657	
12	0	0	0	0	705	
13	0	0	0	0	729	
14	0	0	0	0	702	
15	0	0	0	0	693	
0	0	0	0	0	716	
1	0	0	0	0	721	
2	0	0	0	0	728	
3	0	0	0	0	733	
4	0	0	0	0	727	
5	0	0	0	0	727	
6	0	0	0	0	740	
7	0	0	0	0	767	
8	0	0	0	0	780	
9	0	0	0	0	792	
10	0	0	0	0	780	
11	0	0	0	0	780	
12	0	0	0	0	784	
13	0	0	0	0	767	
14	0	0	0	0	740	
15	0	0	0	0	722	
0	0	0	0	0	709	
1	0	0	0	0	694	
2	0	0	0	0	704	
3	0	0	0	0	700	
4	0	0	0	0	664	
5	0	0	0	0	678	
6	0	0	0	0	664	
7	0	0	0	0	649	
8	0	0	0	0	619	
9	0	0	0	0	608	
10	0	0	0	0	617	
11	0	0	0	0	636	
12	0	0	0	0	640	
13	0	0	0	0	642	
14	0	0	0	0	602	
15	0	0	0	0	558	
0	0	0	0	0	556	
1	0	0	0	0	588	
2	0	0	0	0	596	
3	0	0	0	0	598	
4	0	0	0	0	592	
5	0	0	0	0	593	
6	0	0	0	0	579	
7	0	0	0	0	571	
8	0	0	0	0	564	
9	0	0	0	0	573	
10	0	0	0	0	592	
11	0	0	0	0	577	
12	0	0	0	0	550	
13	0	0	0	0	573	
14	0	0	0	0	581	
15	0	0	0	0	561	
0	0	0	0	0	542	
1	0	0	0	0	510	
2	0	0	0	0	514	
3	0	0	0	0	531	
4	0	0	0	0	543	
5	0	0	0	0	556	
6	0	0	0	0	556	
7	0	0	0	0	545	
8	0	0	0	0	542	
9	0	0	0	0	520	
10	0	0	0	0	500	
11	0	0	0	0	493	
12	0	0	0	0	462	
13	0	0	0	0	459	
14	0	0	0	0	477	
15	0	0	0	0	479	
0	0	0	0	0	473	
1	0	0	0	0	470	
2	0	0	0	0	472	
3	0	0	0	0	488	
4	0	0	0	0	509	
5	0	0	0	0	519	
6	0	0	0	0	508	
7	0	0	0	0	512	
8	0	0	0	0	520	
9	0	0	0	0	504	
10	0	0	0	0	505	
11	0	0	0	0	547	
12	0	0	0	0	563	
13	0	0	0	0	555	
14	0	0	0	0	547	
15	0	0	0	0	557	
0	0	0	0	0	565	
1	0	0	0	0	541	
2	0	0	0	0	508	
3	0	0	0	0	486	
4	0	0	0	0	533	
5	0	0	0	0	588	
6	0	0	0	0	596	
7	0	0	0	0	569	
8	0	0	0	0	551	
9	0	0	0	0	537	
10	0	0	0	0	560	
11	0	0	0	0	624	
12	0	0	0	0	710	
13	0	0	0	0	664	
14	0	0	0	0	565	
15	0	0	0	0	511	
0	0	0	0	0	504	
1	0	0	0	0	511	
2	0	0	0	0	515	
3	0	0	0	0	586	
4	0	0	0	0	700	
5	0	0	0	0	745	
6	0	0	0	0	674	
7	0	0	0	0	627	
8	0	0	0	0	608	
9	0	0	0	0	540	
10	0	0	0	0	469	
11	0	0	0	0	527	
12	0	0	0	0	660	
13	0	0	0	0	780	
14	0	0	0	0	816	
15	0	0	0	0	764	
0	0	0	0	0	671	
1	0	0	0	0	603	
2	0	0	0	0	548	
3	0	0	0	0	551	
4	0	0	0	0	632	
5	0	0	0	0	708	
6	0	0	0	0	789	
7	0	0	0	0	822	
8	0	0	0	0	788	
9	0	0	0	0	688	
10	0	0	0	0	578	
11	0	0	0	0	546	
12	0	0	0	0	587	
13	0	0	0	0	641	
14	0	0	0	0	693	
15	0	0	0	0	719	
0	0	0	0	0	717	
1	0	0	0	0	719	
2	0	0	0	0	726	
3	0	0	0	0	725	
4	0	0	0	0	720	
5	0	0	0	0	659	
6	0	0	0	0	633	
7	0	0	0	0	687	
8	0	0	0	0	759	
9	0	0	0	0	818	
10	0	0	0	0	836	
11	0	0	0	0	828	
12	0	0	0	0	780	
13	0	0	0	0	713	
14	0	0	0	0	669	
15	0	0	0	0	664	
0	0	0	0	0	688	
1	0	0	0	0	729	
2	0	0	0	0	745	
3	0	0	0	0	738	
4	0	0	0	0	700	
5	0	0	0	0	649	
6	0	0	0	0	625	
7	0	0	0	0	624	
8	0	0	0	0	611	
9	0	0	0	0	588	
10	0	0	0	0	583	
11	0	0	0	0	611	
12	0	0	0	0	643	
13	0	0	0	0	631	
14	0	0	0	0	611	
15	0	0	0	0	625	
0	0	0	0	0	596	
1	0	0	0	0	551	
2	0	0	0	0	523	
3	0	0	0	0	534	
4	0	0	0	0	592	
5	0	0	0	0	653	
6	0	0	0	0	660	
7	0	0	0	0	599	
8	0	0	0	0	524	
9	0	0	0	0	497	
10	0	0	0	0	528	
11	0	0	0	0	572	
12	0	0	0	0	620	
13	0	0	0	0	633	
14	0	0	0	0	589	
15	0	0	0	0	580	
0	0	0	0	0	569	
1	0	0	0	0	552	
2	0	0	0	0	589	
3	0	0	0	0	617	
4	0	0	0	0	593	
5	0	0	0	0	572	
6	0	0	0	0	555	
7	0	0	0	0	561	
8	0	0	0	0	572	
9	0	0	0	0	561	
10	0	0	0	0	553	
11	0	0	0	0	568	
12	0	0	0	0	588	
13	0	0	0	0	620	
14	0	0	0	0	598	
15	0	0	0	0	586	
0	0	0	0	0	574	
1	0	0	0	0	559	
2	0	0	0	0	543	
3	0	0	0	0	540	
4	0	0	0	0	568	
5	0	0	0	0	590	
6	0	0	0	0	590	
7	0	0	0	0	554	
8	0	0	0	0	545	
9	0	0	0	0	539	
10	0	0	0	0	547	
11	0	0	0	0	550	
12	0	0	0	0	548	
13	0	0	0	0	535	
14	0	0	0	0	517	
15	0	0	0	0	516	
0	0	0	0	0	519	
1	0	0	0	0	505	
2	0	0	0	0	498	
3	0	0	0	0	504	
4	0	0	0	0	498	
5	0	0	0	0	487	
6	0	0	0	0	470	
7	0	0	0	0	458	
8	0	0	0	0	453	
9	0	0	0	0	435	
10	0	0	0	0	449	
11	0	0	0	0	490	
12	0	0	0	0	545	
13	0	0	0	0	571	
14	0	0	0	0	575	
15	0	0	0	0	562	
0	0	0	0	0	531	
1	0	0	0	0	515	
2	0	0	0	0	517	
3	0	0	0	0	543	
4	0	0	0	0	588	
5	0	0	0	0	622	
6	0	0	0	0	622	
7	0	0	0	0	596	
8	0	0	0	0	554	
9	0	0	0	0	500	
10	0	0	0	0	536	
11	0	0	0	0	580	
12	0	0	0	0	604	
13	0	0	0	0	647	
14	0	0	0	0	642	
15	0	0	0	0	600	
0	0	0	0	0	550	
1	0	0	0	0	521	
2	0	0	0	0	509	
3	0	0	0	0	550	
4	0	0	0	0	634	
5	0	0	0	0	683	
6	0	0	0	0	714	
7	0	0	0	0	744	
8	0	0	0	0	719	
9	0	0	0	0	647	
10	0	0	0	0	579	
11	0	0	0	0	541	
12	0	0	0	0	542	
13	0	0	0	0	564	
14	0	0	0	0	602	
15	0	0	0	0	728	
0	0	0	0	0	815	
1	0	0	0	0	792	
2	0	0	0	0	679	
3	0	0	0	0	590	
4	0	0	0	0	561	
5	0	0	0	0	550	
6	0	0	0	0	567	
7	0	0	0	0	614	
8	0	0	0	0	713	
9	0	0	0	0	743	
10	0	0	0	0	731	
11	0	0	0	0	702	
12	0	0	0	0	643	
13	0	0	0	0	579	
14	0	0	0	0	503	
15	0	0	0	0	456	
0	0	0	0	0	472	
1	0	0	0	0	538	
2	0	0	0	0	655	
3	0	0	0	0	774	
4	0	0	0	0	775	
5	0	0	0	0	690	
6	0	0	0	0	608	
7	0	0	0	0	563	
8	0	0	0	0	529	
9	0	0	0	0	505	
10	0	0	0	0	530	
11	0	0	0	0	627	
12	0	0	0	0	741	
13	0	0	0	0	831	
14	0	0	0	0	811	
15	0	0	0	0	737	
0	0	0	0	0	670	
1	0	0	0	0	600	
2	0	0	0	0	544	
3	0	0	0	0	554	
4	0	0	0	0	603	
5	0	0	0	0	652	
6	0	0	0	0	704	
7	0	0	0	0	745	
8	0	0	0	0	735	
9	0	0	0	0	681	
10	0	0	0	0	619	
11	0	0	0	0	596	
12	0	0	0	0	588	
13	0	0	0	0	582	
14	0	0	0	0	585	
15	0	0	0	0	624	
0	0	0	0	0	652	
1	0	0	0	0	654	
2	0	0	0	0	651	
3	0	0	0	0	650	
4	0	0	0	0	640	
5	0	0	0	0	613	
6	0	0	0	0	595	
7	0	0	0	0	610	
8	0	0	0	0	627	
9	0	0	0	0	618	
10	0	0	0	0	607	
11	0	0	0	0	617	
12	0	0	0	0	628	
13	0	0	0	0	615	
14	0	0	0	0	596	
15	0	0	0	0	599	
0	0	0	0	0	600	
1	0	0	0	0	594	
2	0	0	0	0	600	
3	0	0	0	0	622	
4	0	0	0	0	631	
5	0	0	0	0	612	
6	0	0	0	0	601	
7	0	0	0	0	605	
8	0	0	0	0	608	
9	0	0	0	0	606	
10	0	0	0	0	606	
11	0	0	0	0	610	
12	0	0	0	0	589	
13	0	0	0	0	581	
14	0	0	0	0	587	
15	0	0	0	0	611	
0	0	0	0	0	623	
1	0	0	0	0	611	
2	0	0	0	0	593	
3	0	0	0	0	603	
4	0	0	0	0	620	
5	0	0	0	0	613	
6	0	0	0	0	591	
7	0	0	0	0	595	
8	0	0	0	0	596	
9	0	0	0	0	590	
10	0	0	0	0	585	
11	0	0	0	0	593	
12	0	0	0	0	610	
13	0	0	0	0	616	
14	0	0	0	0	620	
15	0	0	0	0	626	
0	0	0	0	0	620	
1	0	0	0	0	599	
2	0	0	0	0	583	
3	0	0	0	0	583	
4	0	0	0	0	595	
5	0	0	0	0	599	
6	0	0	0	0	603	
7	0	0	0	0	618	
8	0	0	0	0	621	
9	0	0	0	0	608	
10	0	0	0	0	600	
11	0	0	0	0	609	
12	0	0	0	0	609	
13	0	0	0	0	599	
14	0	0	0	0	601	
15	0	0	0	0	617	
0	0	0	0	0	622	
1	0	0	0	0	614	
2	0	0	0	0	610	
3	0	0	0	0	610	
4	0	0	0	0	600	
5	0	0	0	0	598	
6	0	0	0	0	609	
7	0	0	0	0	624	
8	0	0	0	0	625	
9	0	0	0	0	614	
10	0	0	0	0	606	
11	0	0	0	0	610	
12	0	0	0	0	612	
13	0	0	0	0	604	
14	0	0	0	0	602	
15	0	0	0	0	616	
0	0	0	0	0	622	
1	0	0	0	0	613	
2	0	0	0	0	604	
3	0	0	0	0	606	
4	0	0	0	0	612	
5	0	0	0	0	613	
6	0	0	0	0	606	
7	0	0	0	0	604	
8	0	0	0	0	600	
9	0	0	0	0	596	
10	0	0	0	0	598	
11	0	0	0	0	607	
12	0	0	0	0	612	
13	0	0	0	0	615	
14	0	0	0	0	600	
15	0	0	0	0	605	
0	0	0	0	0	615	
1	0	0	0	0	611	
2	0	0	0	0	607	
3	0	0	0	0	610	
4	0	0	0	0	611	
5	0	0	0	0	604	
6	0	0	0	0	603	
7	0	0	0	0	616	
8	0	0	0	0	625	
9	0	0	0	0	619	
10	0	0	0	0	612	
11	0	0	0	0	610	
12	0	0	0	0	611	
13	0	0	0	0	608	
14	0	0	0	0	601	
15	0	0	0	0	608	
0	0	0	0	0	615	
1	0	0	0	0	611	
2	0	0	0	0	604	
3	0	0	0	0	607	
4	0	0	0	0	610	
5	0	0	0	0	604	
6	0	0	0	0	601	
7	0	0	0	0	613	
8	0	0	0	0	622	
9	0	0	0	0	614	
10	0	0	0	0	603	
11	0	0	0	0	608	
12	0	0	0	0	609	
13	0	0	0	0	604	
14	0	0	0	0	603	
15	0	0	0	0	608	
0	0	0	0	0	611	
1	0	0	0	0	609	
2	0	0	0	0	606	
3	0	0	0	0	609	
4	0	0	0	0	611	
5	0	0	0	0	604	
6	0	0	0	0	600	
7	0	0	0	0	605	
8	0	0	0	0	615	
9	0	0	0	0	617	
10	0	0	0	0	614	
11	0	0	0	0	612	
12	0	0	0	0	616	
13	0	0	0	0	611	
14	0	0	0	0	603	
15	0	0	0	0	617	
0	0	0	0	0	627	
1	0	0	0	0	619	
2	0	0	0	0	619	
3	0	0	0	0	632	
4	0	0	0	0	636	
5	0	0	0	0	619	
6	0	0	0	0	607	
7	0	0	0	0	619	
8	0	0	0	0	636	
9	0	0	0	0	635	
10	0	0	0	0	646	
11	0	0	0	0	649	
12	0	0	0	0	638	
13	0	0	0	0	611	
14	0	0	0	0	581	
15	0	0	0	0	574	
0	0	0	0	0	584	
1	0	0	0	0	632	
2	0	0	0	0	672	
3	0	0	0	0	680	
4	0	0	0	0	668	
5	0	0	0	0	639	
6	0	0	0	0	580	
7	0	0	0	0	529	
8	0	0	0	0	525	
9	0	0	0	0	543	
10	0	0	0	0	609	
11	0	0	0	0	671	
12	0	0	0	0	694	
13	0	0	0	0	675	
14	0	0	0	0	632	
15	0	0	0	0	592	
0	0	0	0	0	572	
1	0	0	0	0	563	
2	0	0	0	0	612	
3	0	0	0	0	671	
4	0	0	0	0	678	
5	0	0	0	0	639	
6	0	0	0	0	603	
7	0	0	0	0	608	
8	0	0	0	0	605	
9	0	0	0	0	589	
10	0	0	0	0	594	
11	0	0	0	0	615	
12	0	0	0	0	632	
13	0	0	0	0	617	
14	0	0	0	0	612	
15	0	0	0	0	622	
0	0	0	0	0	615	
1	0	0	0	0	596	
2	0	0	0	0	579	
3	0	0	0	0	580	
4	0	0	0	0	589	
5	0	0	0	0	601	
6	0	0	0	0	618	
7	0	0	0	0	627	
8	0	0	0	0	617	
9	0	0	0	0	599	
10	0	0	0	0	587	
11	0	0	0	0	580	
12	0	0	0	0	579	
13	0	0	0	0	579	
14	0	0	0	0	587	
15	0	0	0	0	604	
0	0	0	0	0	624	
1	0	0	0	0	645	
2	0	0	0	0	648	
3	0	0	0	0	616	
4	0	0	0	0	571	
5	0	0	0	0	545	
6	0	0	0	0	565	
7	0	0	0	0	615	
8	0	0	0	0	641	
9	0	0	0	0	633	
10	0	0	0	0	600	
11	0	0	0	0	584	
12	0	0	0	0	585	
13	0	0	0	0	595	
14	0	0	0	0	591	
15	0	0	0	0	604	
0	0	0	0	0	626	
1	0	0	0	0	617	
2	0	0	0	0	600	
3	0	0	0	0	600	
4	0	0	0	0	614	
5	0	0	0	0	625	
6	0	0	0	0	613	
7	0	0	0	0	593	
8	0	0	0	0	591	
9	0	0	0	0	589	
10	0	0	0	0	591	
11	0	0	0	0	609	
12	0	0	0	0	617	
13	0	0	0	0	621	
14	0	0	0	0	628	
15	0	0	0	0	622	
0	0	0	0	0	611	
1	0	0	0	0	606	
2	0	0	0	0	601	
3	0	0	0	0	620	
4	0	0	0	0	621	
5	0	0	0	0	605	
6	0	0	0	0	592	
7	0	0	0	0	593	
8	0	0	0	0	606	
9	0	0	0	0	603	
10	0	0	0	0	593	
11	0	0	0	0	608	
12	0	0	0	0	603	
13	0	0	0	0	600	
14	0	0	0	0	606	
15	0	0	0	0	610	
0	0	0	0	0	614	
1	0	0	0	0	612	
2	0	0	0	0	612	
3	0	0	0	0	615	
4	0	0	0	0	617	
5	0	0	0	0	619	
6	0	0	0	0	612	
7	0	0	0	0	600	
8	0	0	0	0	621	
9	0	0	0	0	641	
10	0	0	0	0	635	
11	0	0	0	0	616	
12	0	0	0	0	602	
13	0	0	0	0	594	
14	0	0	0	0	609	
15	0	0	0	0	634	
0	0	0	0	0	636	
1	0	0	0	0	624	
2	0	0	0	0	610	
3	0	0	0	0	598	
4	0	0	0	0	604	
5	0	0	0	0	606	
6	0	0	0	0	603	
7	0	0	0	0	607	
8	0	0	0	0	630	
9	0	0	0	0	655	
10	0	0	0	0	657	
11	0	0	0	0	647	
12	0	0	0	0	625	
13	0	0	0	0	603	
14	0	0	0	0	607	
15	0	0	0	0	617	
0	0	0	0	0	620	
1	0	0	0	0	612	
2	0	0	0	0	596	
3	0	0	0	0	593	
4	0	0	0	0	620	
5	0	0	0	0	630	
6	0	0	0	0	607	
7	0	0	0	0	598	
8	0	0	0	0	592	
9	0	0	0	0	580	
10	0	0	0	0	582	
11	0	0	0	0	604	
12	0	0	0	0	619	
13	0	0	0	0	594	
14	0	0	0	0	588	
15	0	0	0	0	593	
0	0	0	0	0	591	
1	0	0	0	0	597	
2	0	0	0	0	606	
3	0	0	0	0	601	
4	0	0	0	0	591	
5	0	0	0	0	591	
6	0	0	0	0	600	
7	0	0	0	0	613	
8	0	0	0	0	630	
9	0	0	0	0	599	
10	0	0	0	0	582	
11	0	0	0	0	588	
12	0	0	0	0	607	
13	0	0	0	0	610	
14	0	0	0	0	620	
15	0	0	0	0	621	
0	0	0	0	0	620	
1	0	0	0	0	598	
2	0	0	0	0	575	
3	0	0	0	0	588	
4	0	0	0	0	593	
5	0	0	0	0	641	
6	0	0	0	0	646	
7	0	0	0	0	641	
8	0	0	0	0	625	
9	0	0	0	0	595	
10	0	0	0	0	590	
11	0	0	0	0	607	
12	0	0	0	0	620	
13	0	0	0	0	617	
14	0	0	0	0	602	
15	0	0	0	0	607	
0	0	0	0	0	598	
1	0	0	0	0	619	
2	0	0	0	0	590	
3	0	0	0	0	601	
4	0	0	0	0	620	
5	0	0	0	0	620	
6	0	0	0	0	590	
7	0	0	0	0	589	
8	0	0	0	0	593	
9	0	0	0	0	600	
10	0	0	0	0	607	
11	0	0	0	0	610	
12	0	0	0	0	601	
13	0	0	0	0	587	
14	0	0	0	0	600	
15	0	0	0	0	601	
0	0	0	0	0	581	
1	0	0	0	0	563	
2	0	0	0	0	551	
3	0	0	0	0	561	
4	0	0	0	0	581	
5	0	0	0	0	589	
6	0	0	0	0	577	
7	0	0	0	0	563	
8	0	0	0	0	555	
9	0	0	0	0	560	
10	0	0	0	0	570	
11	0	0	0	0	588	
12	0	0	0	0	578	
13	0	0	0	0	553	
14	0	0	0	0	549	
15	0	0	0	0	573	
0	0	0	0	0	587	
1	0	0	0	0	590	
2	0	0	0	0	599	
3	0	0	0	0	627	
4	0	0	0	0	639	
5	0	0	0	0	627	
6	0	0	0	0	599	
7	0	0	0	0	590	
8	0	0	0	0	576	
9	0	0	0	0	550	
10	0	0	0	0	550	
11	0	0	0	0	584	
12	0	0	0	0	624	
13	0	0	0	0	617	
14	0	0	0	0	586	
15	0	0	0	0	584	
0	0	0	0	0	577	
1	0	0	0	0	542	
2	0	0	0	0	528	
3	0	0	0	0	563	
4	0	0	0	0	585	
5	0	0	0	0	556	
6	0	0	0	0	583	
7	0	0	0	0	679	
8	0	0	0	0	689	
9	0	0	0	0	604	
10	0	0	0	0	520	
11	0	0	0	0	496	
12	0	0	0	0	515	
13	0	0	0	0	607	
14	0	0	0	0	694	
15	0	0	0	0	740	
0	0	0	0	0	684	
1	0	0	0	0	589	
2	0	0	0	0	524	
3	0	0	0	0	534	
4	0	0	0	0	570	
5	0	0	0	0	600	
6	0	0	0	0	643	
7	0	0	0	0	720	
8	0	0	0	0	726	
9	0	0	0	0	618	
10	0	0	0	0	556	
11	0	0	0	0	571	
12	0	0	0	0	575	
13	0	0	0	0	579	
14	0	0	0	0	596	
15	0	0	0	0	604	
0	0	0	0	0	600	
1	0	0	0	0	607	
2	0	0	0	0	640	
3	0	0	0	0	678	
4	0	0	0	0	678	
5	0	0	0	0	631	
6	0	0	0	0	575	
7	0	0	0	0	555	
8	0	0	0	0	559	
9	0	0	0	0	570	
10	0	0	0	0	595	
11	0	0	0	0	659	
12	0	0	0	0	715	
13	0	0	0	0	705	
14	0	0	0	0	645	
15	0	0	0	0	611	
0	0	0	0	0	633	
1	0	0	0	0	634	
2	0	0	0	0	596	
3	0	0	0	0	558	
4	0	0	0	0	569	
5	0	0	0	0	608	
6	0	0	0	0	638	
7	0	0	0	0	648	
8	0	0	0	0	649	
9	0	0	0	0	617	
10	0	0	0	0	594	
11	0	0	0	0	604	
12	0	0	0	0	636	
13	0	0	0	0	673	
14	0	0	0	0	671	
15	0	0	0	0	639	
0	0	0	0	0	614	
1	0	0	0	0	604	
2	0	0	0	0	584	
3	0	0	0	0	581	
4	0	0	0	0	600	
5	0	0	0	0	612	
6	0	0	0	0	632	
7	0	0	0	0	652	
8	0	0	0	0	630	
9	0	0	0	0	552	
10	0	0	0	0	531	
11	0	0	0	0	592	
12	0	0	0	0	638	
13	0	0	0	0	635	
14	0	0	0	0	625	
15	0	0	0	0	627	
0	0	0	0	0	640	
1	0	0	0	0	634	
2	0	0	0	0	615	
3	0	0	0	0	600	
4	0	0	0	0	598	
5	0	0	0	0	600	
6	0	0	0	0	611	
7	0	0	0	0	629	
8	0	0	0	0	627	
9	0	0	0	0	614	
10	0	0	0	0	603	
11	0	0	0	0	617	
12	0	0	0	0	618	
13	0	0	0	0	588	
14	0	0	0	0	598	
15	0	0	0	0	631	
0	0	0	0	0	644	
1	0	0	0	0	626	
2	0	0	0	0	587	
3	0	0	0	0	564	
4	0	0	0	0	575	
5	0	0	0	0	595	
6	0	0	0	0	616	
7	0	0	0	0	638	
8	0	0	0	0	650	
9	0	0	0	0	618	
10	0	0	0	0	596	
11	0	0	0	0	610	
12	0	0	0	0	623	
13	0	0	0	0	613	
14	0	0	0	0	604	
15	0	0	0	0	622	
0	0	0	0	0	629	
1	0	0	0	0	608	
2	0	0	0	0	585	
3	0	0	0	0	598	
4	0	0	0	0	631	
5	0	0	0	0	655	
6	0	0	0	0	667	
7	0	0	0	0	651	
8	0	0	0	0	619	
9	0	0	0	0	587	
10	0	0	0	0	564	
11	0	0	0	0	576	
12	0	0	0	0	589	
13	0	0	0	0	592	
14	0	0	0	0	590	
15	0	0	0	0	591	
0	0	0	0	0	598	
1	0	0	0	0	606	
2	0	0	0	0	623	
3	0	0	0	0	650	
4	0	0	0	0	679	
5	0	0	0	0	677	
6	0	0	0	0	653	
7	0	0	0	0	640	
8	0	0	0	0	624	
9	0	0	0	0	615	
10	0	0	0	0	624	
11	0	0	0	0	648	
12	0	0	0	0	668	
13	0	0	0	0	679	
14	0	0	0	0	682	
15	0	0	0	0	703	
0	0	0	0	0	724	
1	0	0	0	0	697	
2	0	0	0	0	655	
3	0	0	0	0	636	
4	0	0	0	0	644	
5	0	0	0	0	648	
6	0	0	0	0	649	
7	0	0	0	0	680	
8	0	0	0	0	708	
9	0	0	0	0	688	
10	0	0	0	0	643	
11	0	0	0	0	612	
12	0	0	0	0	602	
13	0	0	0	0	603	
14	0	0	0	0	631	
15	0	0	0	0	636	
0	0	0	0	0	640	
1	0	0	0	0	643	
2	0	0	0	0	608	
3	0	0	0	0	562	
4	0	0	0	0	551	
5	0	0	0	0	561	
6	0	0	0	0	583	
7	0	0	0	0	616	
8	0	0	0	0	618	
9	0	0	0	0	611	
10	0	0	0	0	586	
11	0	0	0	0	555	
12	0	0	0	0	536	
13	0	0	0	0	540	
14	0	0	0	0	577	
15	0	0	0	0	638	
0	0	0	0	0	671	
1	0	0	0	0	635	
2	0	0	0	0	574	
3	0	0	0	0	542	
4	0	0	0	0	529	
5	0	0	0	0	515	
6	0	0	0	0	512	
7	0	0	0	0	537	
8	0	0	0	0	547	
9	0	0	0	0	528	
10	0	0	0	0	554	
11	0	0	0	0	607	
12	0	0	0	0	619	
13	0	0	0	0	600	
14	0	0	0	0	569	
15	0	0	0	0	581	
0	0	0	0	0	600	
1	0	0	0	0	580	
2	0	0	0	0	570	
3	0	0	0	0	574	
4	0	0	0	0	579	
5	0	0	0	0	579	
6	0	0	0	0	598	
7	0	0	0	0	629	
8	0	0	0	0	643	
9	0	0	0	0	641	
10	0	0	0	0	631	
11	0	0	0	0	628	
12	0	0	0	0	632	
13	0	0	0	0	639	
14	0	0	0	0	636	
15	0	0	0	0	635	
0	0	0	0	0	639	
1	0	0	0	0	622	
2	0	0	0	0	575	
3	0	0	0	0	529	
4	0	0	0	0	550	
5	0	0	0	0	605	
6	0	0	0	0	628	
7	0	0	0	0	627	
8	0	0	0	0	632	
9	0	0	0	0	611	
10	0	0	0	0	583	
11	0	0	0	0	596	
12	0	0	0	0	590	
13	0	0	0	0	555	
14	0	0	0	0	551	
15	0	0	0	0	608	
0	0	0	0	0	633	
1	0	0	0	0	647	
2	0	0	0	0	610	
3	0	0	0	0	561	
4	0	0	0	0	570	
5	0	0	0	0	591	
6	0	0	0	0	568	
7	0	0	0	0	563	
8	0	0	0	0	556	
9	0	0	0	0	550	
10	0	0	0	0	559	
11	0	0	0	0	559	
12	0	0	0	0	560	
13	0	0	0	0	563	
14	0	0	0	0	572	
15	0	0	0	0	598	
0	0	0	0	0	589	
1	0	0	0	0	580	
2	0	0	0	0	563	
3	0	0	0	0	541	
4	0	0	0	0	537	
5	0	0	0	0	543	
6	0	0	0	0	537	
7	0	0	0	0	536	
8	0	0	0	0	540	
9	0	0	0	0	545	
10	0	0	0	0	539	
11	0	0	0	0	529	
12	0	0	0	0	543	
13	0	0	0	0	556	
14	0	0	0	0	562	
15	0	0	0	0	534	
0	0	0	0	0	493	
1	0	0	0	0	524	
2	0	0	0	0	578	
3	0	0	0	0	597	
4	0	0	0	0	613	
5	0	0	0	0	600	
6	0	0	0	0	571	
7	0	0	0	0	549	
8	0	0	0	0	515	
9	0	0	0	0	481	
10	0	0	0	0	489	
11	0	0	0	0	541	
12	0	0	0	0	598	
13	0	0	0	0	631	
14	0	0	0	0	687	
15	0	0	0	0	708	
0	0	0	0	0	660	
1	0	0	0	0	593	
2	0	0	0	0	509	
3	0	0	0	0	460	
4	0	0	0	0	432	
5	0	0	0	0	424	
6	0	0	0	0	432	
7	0	0	0	0	473	
8	0	0	0	0	527	
9	0	0	0	0	589	
10	0	0	0	0	705	
11	0	0	0	0	754	
12	0	0	0	0	831	
13	0	0	0	0	815	
14	0	0	0	0	735	
15	0	0	0	0	654	
0	0	0	0	0	606	
1	0	0	0	0	583	
2	0	0	0	0	568	
3	0	0	0	0	552	
4	0	0	0	0	539	
5	0	0	0	0	540	
6	0	0	0	0	564	
7	0	0	0	0	612	
8	0	0	0	0	709	
9	0	0	0	0	732	
10	0	0	0	0	707	
11	0	0	0	0	674	
12	0	0	0	0	643	
13	0	0	0	0	595	
14	0	0	0	0	587	
15	0	0	0	0	586	
0	0	0	0	0	585	
1	0	0	0	0	562	
2	0	0	0	0	547	
3	0	0	0	0	553	
4	0	0	0	0	562	
5	0	0	0	0	562	
6	0	0	0	0	561	
7	0	0	0	0	595	
8	0	0	0	0	628	
9	0	0	0	0	651	
10	0	0	0	0	662	
11	0	0	0	0	665	
12	0	0	0	0	630	
13	0	0	0	0	598	
14	0	0	0	0	568	
15	0	0	0	0	579	
0	0	0	0	0	579	
1	0	0	0	0	595	
2	0	0	0	0	656	
3	0	0	0	0	649	
4	0	0	0	0	651	
5	0	0	0	0	635	
6	0	0	0	0	636	
7	0	0	0	0	651	
8	0	0	0	0	684	
9	0	0	0	0	673	
10	0	0	0	0	665	
11	0	0	0	0	664	
12	0	0	0	0	693	
13	0	0	0	0	715	
14	0	0	0	0	726	
15	0	0	0	0	755	
0	0	0	0	0	759	
1	0	0	0	0	735	
2	0	0	0	0	726	
3	0	0	0	0	737	
4	0	0	0	0	742	
5	0	0	0	0	736	
6	0	0	0	0	736	
7	0	0	0	0	755	
8	0	0	0	0	740	
9	0	0	0	0	704	
10	0	0	0	0	713	
11	0	0	0	0	764	
12	0	0	0	0	770	
13	0	0	0	0	704	
14	0	0	0	0	667	
15	0	0	0	0	667	
0	0	0	0	0	660	
1	0	0	0	0	655	
2	0	0	0	0	637	
3	0	0	0	0	637	
4	0	0	0	0	639	
5	0	0	0	0	624	
6	0	0	0	0	601	
7	0	0	0	0	585	
8	0	0	0	0	582	
9	0	0	0	0	577	
10	0	0	0	0	575	
11	0	0	0	0	581	
12	0	0	0	0	543	
13	0	0	0	0	500	
14	0	0	0	0	495	
15	0	0	0	0	515	
0	0	0	0	0	550	
1	0	0	0	0	561	
2	0	0	0	0	573	
3	0	0	0	0	544	
4	0	0	0	0	485	
5	0	0	0	0	429	
6	0	0	0	0	420	
7	0	0	0	0	405	
8	0	0	0	0	388	
9	0	0	0	0	360	
10	0	0	0	0	334	
11	0	0	0	0	353	
12	0	0	0	0	357	
13	0	0	0	0	327	
14	0	0	0	0	323	
15	0	0	0	0	372	
0	0	0	0	0	425	
1	0	0	0	0	451	
2	0	0	0	0	462	
3	0	0	0	0	451	
4	0	0	0	0	427	
5	0	0	0	0	394	
6	0	0	0	0	403	
7	0	0	0	0	449	
8	0	0	0	0	482	
9	0	0	0	0	535	
10	0	0	0	0	581	
11	0	0	0	0	578	
12	0	0	0	0	529	
13	0	0	0	0	476	
14	0	0	0	0	434	
15	0	0	0	0	419	
0	0	0	0	0	431	
1	0	0	0	0	520	
2	0	0	0	0	647	
3	0	0	0	0	711	
4	0	0	0	0	796	
5	0	0	0	0	735	
6	0	0	0	0	615	
7	0	0	0	0	468	
8	0	0	0	0	419	
9	0	0	0	0	467	
10	0	0	0	0	595	
11	0	0	0	0	826	
12	0	0	0	0	861	
13	0	0	0	0	812	
14	0	0	0	0	730	
15	0	0	0	0	660	
0	0	0	0	0	640	
1	0	0	0	0	697	
2	0	0	0	0	755	
3	0	0	0	0	764	
4	0	0	0	0	736	
5	0	0	0	0	694	
6	0	0	0	0	676	
7	0	0	0	0	715	
8	0	0	0	0	770	
9	0	0	0	0	800	
10	0	0	0	0	824	
11	0	0	0	0	823	
12	0	0	0	0	845	
13	0	0	0	0	803	
14	0	0	0	0	795	
15	0	0	0	0	862	
0	0	0	0	0	866	
1	0	0	0	0	842	
2	0	0	0	0	735	
3	0	0	0	0	738	
4	0	0	0	0	780	
5	0	0	0	0	776	
6	0	0	0	0	748	
7	0	0	0	0	722	
8	0	0	0	0	727	
9	0	0	0	0	717	
10	0	0	0	0	727	
11	0	0	0	0	746	
12	0	0	0	0	756	
13	0	0	0	0	772	
14	0	0	0	0	754	
15	0	0	0	0	722	
0	0	0	0	0	671	
1	0	0	0	0	649	
2	0	0	0	0	594	
3	0	0	0	0	582	
4	0	0	0	0	611	
5	0	0	0	0	661	
6	0	0	0	0	712	
7	0	0	0	0	684	
8	0	0	0	0	655	
9	0	0	0	0	620	
10	0	0	0	0	574	
11	0	0	0	0	547	
12	0	0	0	0	530	
13	0	0	0	0	510	
14	0	0	0	0	514	
15	0	0	0	0	551	
0	0	0	0	0	572	
1	0	0	0	0	550	
2	0	0	0	0	533	
3	0	0	0	0	544	
4	0	0	0	0	543	
5	0	0	0	0	511	
6	0	0	0	0	500	
7	0	0	0	0	514	
8	0	0	0	0	519	
9	0	0	0	0	502	
10	0	0	0	0	488	
11	0	0	0	0	497	
12	0	0	0	0	488	
13	0	0	0	0	443	
14	0	0	0	0	412	
15	0	0	0	0	432	
0	0	0	0	0	476	
1	0	0	0	0	482	
2	0	0	0	0	465	
3	0	0	0	0	435	
4	0	0	0	0	444	
5	0	0	0	0	448	
6	0	0	0	0	436	
7	0	0	0	0	453	
8	0	0	0	0	486	
9	0	0	0	0	502	
10	0	0	0	0	494	
11	0	0	0	0	491	
12	0	0	0	0	479	
13	0	0	0	0	451	
14	0	0	0	0	434	
15	0	0	0	0	458	
0	0	0	0	0	500	
1	0	0	0	0	525	
2	0	0	0	0	555	
3	0	0	0	0	572	
4	0	0	0	0	536	
5	0	0	0	0	548	
6	0	0	0	0	537	
7	0	0	0	0	535	
8	0	0	0	0	562	
9	0	0	0	0	572	
10	0	0	0	0	610	
11	0	0	0	0	635	
12	0	0	0	0	604	
13	0	0	0	0	548	
14	0	0	0	0	529	
15	0	0	0	0	560	
0	0	0	0	0	603	
1	0	0	0	0	734	
2	0	0	0	0	719	
3	0	0	0	0	704	
4	0	0	0	0	797	
5	0	0	0	0	808	
6	0	0	0	0	698	
7	0	0	0	0	609	
8	0	0	0	0	601	
9	0	0	0	0	636	
10	0	0	0	0	704	
11	0	0	0	0	750	
12	0	0	0	0	732	
13	0	0	0	0	671	
14	0	0	0	0	620	
15	0	0	0	0	678	
0	0	0	0	0	799	
1	0	0	0	0	856	
2	0	0	0	0	839	
3	0	0	0	0	775	
4	0	0	0	0	717	
5	0	0	0	0	661	
6	0	0	0	0	636	
7	0	0	0	0	723	
8	0	0	0	0	838	
9	0	0	0	0	861	
10	0	0	0	0	839	
11	0	0	0	0	791	
12	0	0	0	0	778	
13	0	0	0	0	771	
14	0	0	0	0	764	
15	0	0	0	0	755	
0	0	0	0	0	739	
1	0	0	0	0	694	
2	0	0	0	0	644	
3	0	0	0	0	664	
4	0	0	0	0	695	
5	0	0	0	0	697	
6	0	0	0	0	691	
7	0	0	0	0	658	
8	0	0	0	0	636	
9	0	0	0	0	643	
10	0	0	0	0	653	
11	0	0	0	0	685	
12	0	0	0	0	739	
13	0	0	0	0	775	
14	0	0	0	0	748	
15	0	0	0	0	663	
0	0	0	0	0	615	
1	0	0	0	0	604	
2	0	0	0	0	571	
3	0	0	0	0	567	
4	0	0	0	0	610	
5	0	0	0	0	650	
6	0	0	0	0	651	
7	0	0	0	0	647	
8	0	0	0	0	624	
9	0	0	0	0	574	
10	0	0	0	0	525	
11	0	0	0	0	515	
12	0	0	0	0	539	
13	0	0	0	0	575	
14	0	0	0	0	580	
15	0	0	0	0	586	
0	0	0	0	0	608	
1	0	0	0	0	585	
2	0	0	0	0	562	
3	0	0	0	0	543	
4	0	0	0	0	523	
5	0	0	0	0	502	
6	0	0	0	0	474	
7	0	0	0	0	465	
8	0	0	0	0	479	
9	0	0	0	0	497	
10	0	0	0	0	540	
11	0	0	0	0	533	
12	0	0	0	0	487	
13	0	0	0	0	434	
14	0	0	0	0	391	
15	0	0	0	0	380	
0	0	0	0	0	397	
1	0	0	0	0	376	
2	0	0	0	0	398	
3	0	0	0	0	467	
4	0	0	0	0	531	
5	0	0	0	0	558	
6	0	0	0	0	506	
7	0	0	0	0	457	
8	0	0	0	0	452	
9	0	0	0	0	453	
10	0	0	0	0	467	
11	0	0	0	0	506	
12	0	0	0	0	551	
13	0	0	0	0	577	
14	0	0	0	0	561	
15	0	0	0	0	547	
0	0	0	0	0	512	
1	0	0	0	0	469	
2	0	0	0	0	472	
3	0	0	0	0	550	
4	0	0	0	0	615	
5	0	0	0	0	618	
6	0	0	0	0	599	
7	0	0	0	0	561	
8	0	0	0	0	521	
9	0	0	0	0	522	
10	0	0	0	0	556	
11	0	0	0	0	589	
12	0	0	0	0	626	
13	0	0	0	0	619	
14	0	0	0	0	593	
15	0	0	0	0	590	
0	0	0	0	0	619	
1	0	0	0	0	627	
2	0	0	0	0	603	
3	0	0	0	0	577	
4	0	0	0	0	494	
5	0	0	0	0	405	
6	0	0	0	0	446	
7	0	0	0	0	618	
8	0	0	0	0	771	
9	0	0	0	0	839	
10	0	0	0	0	813	
11	0	0	0	0	740	
12	0	0	0	0	692	
13	0	0	0	0	690	
14	0	0	0	0	722	
15	0	0	0	0	800	
0	0	0	0	0	842	
1	0	0	0	0	812	
2	0	0	0	0	716	
3	0	0	0	0	648	
4	0	0	0	0	630	
5	0	0	0	0	664	
6	0	0	0	0	764	
7	0	0	0	0	857	
8	0	0	0	0	865	
9	0	0	0	0	817	
10	0	0	0	0	755	
11	0	0	0	0	744	
12	0	0	0	0	786	
13	0	0	0	0	831	
14	0	0	0	0	828	
15	0	0	0	0	793	
0	0	0	0	0	757	
1	0	0	0	0	719	
2	0	0	0	0	696	
3	0	0	0	0	705	
4	0	0	0	0	716	
5	0	0	0	0	709	
6	0	0	0	0	690	
7	0	0	0	0	682	
8	0	0	0	0	696	
9	0	0	0	0	721	
10	0	0	0	0	722	
11	0	0	0	0	708	
12	0	0	0	0	687	
13	0	0	0	0	666	
14	0	0	0	0	655	
15	0	0	0	0	642	
0	0	0	0	0	622	
1	0	0	0	0	604	
2	0	0	0	0	621	
3	0	0	0	0	651	
4	0	0	0	0	662	
5	0	0	0	0	621	
6	0	0	0	0	557	
7	0	0	0	0	519	
8	0	0	0	0	506	
9	0	0	0	0	511	
10	0	0	0	0	545	
11	0	0	0	0	614	
12	0	0	0	0	651	
13	0	0	0	0	646	
14	0	0	0	0	629	
15	0	0	0	0	583	
0	0	0	0	0	517	
1	0	0	0	0	473	
2	0	0	0	0	456	
3	0	0	0	0	477	
4	0	0	0	0	538	
5	0	0	0	0	595	
6	0	0	0	0	628	
7	0	0	0	0	616	
8	0	0	0	0	559	
9	0	0	0	0	509	
10	0	0	0	0	476	
11	0	0	0	0	463	
12	0	0	0	0	477	
13	0	0	0	0	502	
14	0	0	0	0	499	
15	0	0	0	0	501	
0	0	0	0	0	481	
1	0	0	0	0	410	
2	0	0	0	0	377	
3	0	0	0	0	355	
4	0	0	0	0	378	
5	0	0	0	0	386	
6	0	0	0	0	412	
7	0	0	0	0	451	
8	0	0	0	0	446	
9	0	0	0	0	435	
10	0	0	0	0	467	
11	0	0	0	0	484	
12	0	0	0	0	480	
13	0	0	0	0	463	
14	0	0	0	0	467	
15	0	0	0	0	513	
0	0	0	0	0	550	
1	0	0	0	0	569	
2	0	0	0	0	554	
3	0	0	0	0	531	
4	0	0	0	0	519	
5	0	0	0	0	517	
6	0	0	0	0	528	
7	0	0	0	0	566	
8	0	0	0	0	623	
9	0	0	0	0	668	
10	0	0	0	0	633	
11	0	0	0	0	568	
12	0	0	0	0	495	
13	0	0	0	0	395	
14	0	0	0	0	396	
15	0	0	0	0	545	
0	0	0	0	0	708	
1	0	0	0	0	772	
2	0	0	0	0	686	
3	0	0	0	0	552	
4	0	0	0	0	482	
5	0	0	0	0	463	
6	0	0	0	0	512	
7	0	0	0	0	587	
8	0	0	0	0	630	
9	0	0	0	0	665	
10	0	0	0	0	679	
11	0	0	0	0	699	
12	0	0	0	0	721	
13	0	0	0	0	699	
14	0	0	0	0	665	
15	0	0	0	0	632	
0	0	0	0	0	606	
1	0	0	0	0	603	
2	0	0	0	0	609	
3	0	0	0	0	614	
4	0	0	0	0	646	
5	0	0	0	0	699	
6	0	0	0	0	774	
7	0	0	0	0	863	
8	0	0	0	0	867	
9	0	0	0	0	863	
10	0	0	0	0	779	
11	0	0	0	0	694	
12	0	0	0	0	695	
13	0	0	0	0	749	
14	0	0	0	0	818	
15	0	0	0	0	857	
0	0	0	0	0	856	
1	0	0	0	0	819	
2	0	0	0	0	777	
3	0	0	0	0	758	
4	0	0	0	0	746	
5	0	0	0	0	718	
6	0	0	0	0	694	
7	0	0	0	0	686	
8	0	0	0	0	675	
9	0	0	0	0	655	
10	0	0	0	0	643	
11	0	0	0	0	650	
12	0	0	0	0	662	
13	0	0	0	0	673	
14	0	0	0	0	674	
15	0	0	0	0	669	
0	0	0	0	0	653	
1	0	0	0	0	632	
2	0	0	0	0	617	
3	0	0	0	0	610	
4	0	0	0	0	598	
5	0	0	0	0	567	
6	0	0	0	0	535	
7	0	0	0	0	511	
8	0	0	0	0	546	
9	0	0	0	0	610	
10	0	0	0	0	638	
11	0	0	0	0	616	
12	0	0	0	0	568	
13	0	0	0	0	531	
14	0	0	0	0	513	
15	0	0	0	0	527	
0	0	0	0	0	543	
1	0	0	0	0	547	
2	0	0	0	0	557	
3	0	0	0	0	588	
4	0	0	0	0	615	
5	0	0	0	0	608	
6	0	0	0	0	583	
7	0	0	0	0	557	
8	0	0	0	0	521	
9	0	0	0	0	493	
10	0	0	0	0	473	
11	0	0	0	0	487	
12	0	0	0	0	536	
13	0	0	0	0	581	
14	0	0	0	0	605	
15	0	0	0	0	598	
0	0	0	0	0	562	
1	0	0	0	0	520	
2	0	0	0	0	495	
3	0	0	0	0	484	
4	0	0	0	0	474	
5	0	0	0	0	468	
6	0	0	0	0	469	
7	0	0	0	0	492	
8	0	0	0	0	498	
9	0	0	0	0	475	
10	0	0	0	0	444	
11	0	0	0	0	433	
12	0	0	0	0	428	
13	0	0	0	0	439	
14	0	0	0	0	472	
15	0	0	0	0	504	
0	0	0	0	0	521	
1	0	0	0	0	507	
2	0	0	0	0	481	
3	0	0	0	0	478	
4	0	0	0	0	502	
5	0	0	0	0	522	
6	0	0	0	0	539	
7	0	0	0	0	555	
8	0	0	0	0	534	
9	0	0	0	0	507	
10	0	0	0	0	519	
11	0	0	0	0	547	
12	0	0	0	0	575	
13	0	0	0	0	600	
14	0	0	0	0	608	
15	0	0	0	0	606	
0	0	0	0	0	585	
1	0	0	0	0	568	
2	0	0	0	0	586	
3	0	0	0	0	604	
4	0	0	0	0	590	
5	0	0	0	0	582	
6	0	0	0	0	575	
7	0	0	0	0	582	
8	0	0	0	0	582	
9	0	0	0	0	612	
10	0	0	0	0	662	
11	0	0	0	0	706	
12	0	0	0	0	700	
13	0	0	0	0	629	
14	0	0	0	0	568	
15	0	0	0	0	545	
0	0	0	0	0	553	
1	0	0	0	0	615	
2	0	0	0	0	685	
3	0	0	0	0	706	
4	0	0	0	0	686	
5	0	0	0	0	650	
6	0	0	0	0	608	
7	0	0	0	0	579	
8	0	0	0	0	567	
9	0	0	0	0	545	
10	0	0	0	0	556	
11	0	0	0	0	658	
12	0	0	0	0	729	
13	0	0	0	0	736	
14	0	0	0	0	694	
15	0	0	0	0	658	
0	0	0	0	0	634	
1	0	0	0	0	608	
2	0	0	0	0	600	
3	0	0	0	0	627	
4	0	0	0	0	637	
5	0	0	0	0	639	
6	0	0	0	0	654	
7	0	0	0	0	672	
8	0	0	0	0	651	
9	0	0	0	0	597	
10	0	0	0	0	583	
11	0	0	0	0	615	
12	0	0	0	0	646	
13	0	0	0	0	656	
14	0	0	0	0	696	
15	0	0	0	0	719	
0	0	0	0	0	679	
1	0	0	0	0	620	
2	0	0	0	0	576	
3	0	0	0	0	551	
4	0	0	0	0	530	
5	0	0	0	0	545	
6	0	0	0	0	585	
7	0	0	0	0	626	
8	0	0	0	0	648	
9	0	0	0	0	629	
10	0	0	0	0	606	
11	0	0	0	0	601	
12	0	0	0	0	609	
13	0	0	0	0	628	
14	0	0	0	0	629	
15	0	0	0	0	634	
0	0	0	0	0	625	
1	0	0	0	0	604	
2	0	0	0	0	600	
3	0	0	0	0	612	
4	0	0	0	0	609	
5	0	0	0	0	599	
6	0	0	0	0	604	
7	0	0	0	0	625	
8	0	0	0	0	633	
9	0	0	0	0	631	
10	0	0	0	0	627	
11	0	0	0	0	622	
12	0	0	0	0	585	
13	0	0	0	0	552	
14	0	0	0	0	565	
15	0	0	0	0	614	
0	0	0	0	0	645	
1	0	0	0	0	639	
2	0	0	0	0	620	
3	0	0	0	0	614	
4	0	0	0	0	602	
5	0	0	0	0	589	
6	0	0	0	0	588	
7	0	0	0	0	599	
8	0	0	0	0	611	
9	0	0	0	0	626	
10	0	0	0	0	628	
11	0	0	0	0	623	
12	0	0	0	0	608	
13	0	0	0	0	586	
14	0	0	0	0	580	
15	0	0	0	0	587	
0	0	0	0	0	601	
1	0	0	0	0	605	
2	0	0	0	0	599	
3	0	0	0	0	611	
4	0	0	0	0	623	
5	0	0	0	0	606	
6	0	0	0	0	579	
7	0	0	0	0	579	
8	0	0	0	0	591	
9	0	0	0	0	595	
10	0	0	0	0	588	
11	0	0	0	0	588	
12	0	0	0	0	593	
13	0	0	0	0	583	
14	0	0	0	0	575	
15	0	0	0	0	589	
0	0	0	0	0	606	
1	0	0	0	0	599	
2	0	0	0	0	587	
3	0	0	0	0	591	
4	0	0	0	0	598	
5	0	0	0	0	591	
6	0	0	0	0	592	
7	0	0	0	0	614	
8	0	0	0	0	606	
9	0	0	0	0	594	
10	0	0	0	0	606	
11	0	0	0	0	621	
12	0	0	0	0	623	
13	0	0	0	0	595	
14	0	0	0	0	571	
15	0	0	0	0	568	
0	0	0	0	0	564	
1	0	0	0	0	567	
2	0	0	0	0	577	
3	0	0	0	0	588	
4	0	0	0	0	596	
5	0	0	0	0	594	
6	0	0	0	0	593	
7	0	0	0	0	604	
8	0	0	0	0	596	
9	0	0	0	0	587	
10	0	0	0	0	595	
11	0	0	0	0	618	
12	0	0	0	0	624	
13	0	0	0	0	594	
14	0	0	0	0	568	
15	0	0	0	0	574	
0	0	0	0	0	582	
1	0	0	0	0	566	
2	0	0	0	0	567	
3	0	0	0	0	592	
4	0	0	0	0	611	
5	0	0	0	0	614	
6	0	0	0	0	599	
7	0	0	0	0	588	
8	0	0	0	0	588	
9	0	0	0	0	588	
10	0	0	0	0	596	
11	0	0	0	0	606	
12	0	0	0	0	610	
13	0	0	0	0	600	
14	0	0	0	0	582	
15	0	0	0	0	576	
0	0	0	0	0	587	
1	0	0	0	0	595	
2	0	0	0	0	588	
3	0	0	0	0	589	
4	0	0	0	0	592	
5	0	0	0	0	591	
6	0	0	0	0	594	
7	0	0	0	0	601	
8	0	0	0	0	591	
9	0	0	0	0	590	
10	0	0	0	0	588	
11	0	0	0	0	588	
12	0	0	0	0	593	
13	0	0	0	0	599	
14	0	0	0	0	596	
15	0	0	0	0	607	
0	0	0	0	0	631	
1	0	0	0	0	636	
2	0	0	0	0	631	
3	0	0	0	0	641	
4	0	0	0	0	636	
5	0	0	0	0	598	
6	0	0	0	0	603	
7	0	0	0	0	628	
8	0	0	0	0	656	
9	0	0	0	0	682	
10	0	0	0	0	704	
11	0	0	0	0	704	
12	0	0	0	0	669	
13	0	0	0	0	610	
14	0	0	0	0	549	
15	0	0	0	0	558	
0	0	0	0	0	625	
1	0	0	0	0	673	
2	0	0	0	0	679	
3	0	0	0	0	658	
4	0	0	0	0	624	
5	0	0	0	0	602	
6	0	0	0	0	605	
7	0	0	0	0	616	
8	0	0	0	0	628	
9	0	0	0	0	614	
10	0	0	0	0	594	
11	0	0	0	0	571	
12	0	0	0	0	556	
13	0	0	0	0	559	
14	0	0	0	0	575	
15	0	0	0	0	600	
0	0	0	0	0	592	
1	0	0	0	0	553	
2	0	0	0	0	505	
3	0	0	0	0	508	
4	0	0	0	0	551	
5	0	0	0	0	600	
6	0	0	0	0	665	
7	0	0	0	0	734	
8	0	0	0	0	711	
9	0	0	0	0	585	
10	0	0	0	0	506	
11	0	0	0	0	517	
12	0	0	0	0	525	
13	0	0	0	0	519	
14	0	0	0	0	533	
15	0	0	0	0	567	
0	0	0	0	0	582	
1	0	0	0	0	578	
2	0	0	0	0	581	
3	0	0	0	0	611	
4	0	0	0	0	645	
5	0	0	0	0	643	
6	0	0	0	0	606	
7	0	0	0	0	593	
8	0	0	0	0	619	
9	0	0	0	0	639	
10	0	0	0	0	635	
11	0	0	0	0	628	
12	0	0	0	0	625	
13	0	0	0	0	606	
14	0	0	0	0	576	
15	0	0	0	0	560	
0	0	0	0	0	543	
1	0	0	0	0	507	
2	0	0	0	0	542	
3	0	0	0	0	656	
4	0	0	0	0	734	
5	0	0	0	0	731	
6	0	0	0	0	646	
7	0	0	0	0	592	
8	0	0	0	0	572	
9	0	0	0	0	535	
10	0	0	0	0	527	
11	0	0	0	0	568	
12	0	0	0	0	654	
13	0	0	0	0	712	
14	0	0	0	0	726	
15	0	0	0	0	675	
0	0	0	0	0	593	
1	0	0	0	0	551	
2	0	0	0	0	552	
3	0	0	0	0	601	
4	0	0	0	0	640	
5	0	0	0	0	655	
6	0	0	0	0	644	
7	0	0	0	0	628	
8	0	0	0	0	606	
9	0	0	0	0	617	
10	0	0	0	0	632	
11	0	0	0	0	620	
12	0	0	0	0	598	
13	0	0	0	0	590	
14	0	0	0	0	583	
15	0	0	0	0	624	
0	0	0	0	0	672	
1	0	0	0	0	679	
2	0	0	0	0	649	
3	0	0	0	0	626	
4	0	0	0	0	625	
5	0	0	0	0	634	
6	0	0	0	0	629	
7	0	0	0	0	649	
8	0	0	0	0	677	
9	0	0	0	0	683	
10	0	0	0	0	657	
11	0	0	0	0	618	
12	0	0	0	0	595	
13	0	0	0	0	604	
14	0	0	0	0	600	
15	0	0	0	0	605	
0	0	0	0	0	625	
1	0	0	0	0	636	
2	0	0	0	0	647	
3	0	0	0	0	682	
4	0	0	0	0	643	
5	0	0	0	0	575	
6	0	0	0	0	527	
7	0	0	0	0	531	
8	0	0	0	0	590	
9	0	0	0	0	634	
10	0	0	0	0	648	
11	0	0	0	0	638	
12	0	0	0	0	624	
13	0	0	0	0	644	
14	0	0	0	0	647	
15	0	0	0	0	597	
0	0	0	0	0	529	
1	0	0	0	0	473	
2	0	0	0	0	484	
3	0	0	0	0	569	
4	0	0	0	0	699	
5	0	0	0	0	785	
6	0	0	0	0	741	
7	0	0	0	0	639	
8	0	0	0	0	558	
9	0	0	0	0	483	
10	0	0	0	0	478	
11	0	0	0	0	548	
12	0	0	0	0	615	
13	0	0	0	0	681	
14	0	0	0	0	719	
15	0	0	0	0	696	
0	0	0	0	0	633	
1	0	0	0	0	568	
2	0	0	0	0	534	
3	0	0	0	0	556	
4	0	0	0	0	591	
5	0	0	0	0	619	
6	0	0	0	0	615	
7	0	0	0	0	602	
8	0	0	0	0	597	
9	0	0	0	0	591	
10	0	0	0	0	583	
11	0	0	0	0	591	
12	0	0	0	0	595	
13	0	0	0	0	600	
14	0	0	0	0	613	
15	0	0	0	0	603	
0	0	0	0	0	595	
1	0	0	0	0	587	
2	0	0	0	0	581	
3	0	0	0	0	609	
4	0	0	0	0	635	
5	0	0	0	0	624	
6	0	0	0	0	588	
7	0	0	0	0	593	
8	0	0	0	0	609	
9	0	0	0	0	596	
10	0	0	0	0	584	
11	0	0	0	0	616	
12	0	0	0	0	651	
13	0	0	0	0	649	
14	0	0	0	0	620	
15	0	0	0	0	599	
0	0	0	0	0	594	
1	0	0	0	0	574	
2	0	0	0	0	561	
3	0	0	0	0	588	
4	0	0	0	0	624	
5	0	0	0	0	624	
6	0	0	0	0	614	
7	0	0	0	0	633	
8	0	0	0	0	644	
9	0	0	0	0	615	
10	0	0	0	0	596	
11	0	0	0	0	615	
12	0	0	0	0	626	
13	0	0	0	0	615	
14	0	0	0	0	610	
15	0	0	0	0	611	
0	0	0	0	0	615	
1	0	0	0	0	620	
2	0	0	0	0	619	
3	0	0	0	0	619	
4	0	0	0	0	606	
5	0	0	0	0	577	
6	0	0	0	0	563	
7	0	0	0	0	576	
8	0	0	0	0	580	
9	0	0	0	0	594	
10	0	0	0	0	613	
11	0	0	0	0	639	
12	0	0	0	0	645	
13	0	0	0	0	600	
14	0	0	0	0	558	
15	0	0	0	0	552	
0	0	0	0	0	555	
1	0	0	0	0	553	
2	0	0	0	0	594	
3	0	0	0	0	661	
4	0	0	0	0	691	
5	0	0	0	0	660	
6	0	0	0	0	607	
7	0	0	0	0	590	
8	0	0	0	0	603	
9	0	0	0	0	611	
10	0	0	0	0	626	
11	0	0	0	0	620	
12	0	0	0	0	602	
13	0	0	0	0	591	
14	0	0	0	0	583	
15	0	0	0	0	594	
0	0	0	0	0	623	
1	0	0	0	0	638	
2	0	0	0	0	640	
3	0	0	0	0	643	
4	0	0	0	0	644	
5	0	0	0	0	637	
6	0	0	0	0	632	
7	0	0	0	0	639	
8	0	0	0	0	650	
9	0	0	0	0	636	
10	0	0	0	0	619	
11	0	0	0	0	624	
12	0	0	0	0	638	
13	0	0	0	0	641	
14	0	0	0	0	632	
15	0	0	0	0	626	
0	0	0	0	0	632	
1	0	0	0	0	636	
2	0	0	0	0	642	
3	0	0	0	0	645	
4	0	0	0	0	632	
5	0	0	0	0	608	
6	0	0	0	0	588	
7	0	0	0	0	577	
8	0	0	0	0	569	
9	0	0	0	0	577	
10	0	0	0	0	608	
11	0	0	0	0	638	
12	0	0	0	0	659	
13	0	0	0	0	639	
14	0	0	0	0	604	
15	0	0	0	0	590	
0	0	0	0	0	600	
1	0	0	0	0	598	
2	0	0	0	0	603	
3	0	0	0	0	614	
4	0	0	0	0	611	
5	0	0	0	0	600	
6	0	0	0	0	604	
7	0	0	0	0	615	
8	0	0	0	0	608	
9	0	0	0	0	594	
10	0	0	0	0	573	
11	0	0	0	0	580	
12	0	0	0	0	583	
13	0	0	0	0	584	
14	0	0	0	0	600	
15	0	0	0	0	619	
0	0	0	0	0	627	
1	0	0	0	0	619	
2	0	0	0	0	603	
3	0	0	0	0	593	
4	0	0	0	0	602	
5	0	0	0	0	605	
6	0	0	0	0	603	
7	0	0	0	0	605	
8	0	0	0	0	611	
9	0	0	0	0	608	
10	0	0	0	0	612	
11	0	0	0	0	632	
12	0	0	0	0	632	
13	0	0	0	0	617	
14	0	0	0	0	592	
15	0	0	0	0	596	
0	0	0	0	0	608	
1	0	0	0	0	598	
2	0	0	0	0	589	
3	0	0	0	0	584	
4	0	0	0	0	589	
5	0	0	0	0	595	
6	0	0	0	0	605	
7	0	0	0	0	612	
8	0	0	0	0	606	
9	0	0	0	0	595	
10	0	0	0	0	584	
11	0	0	0	0	587	
12	0	0	0	0	590	
13	0	0	0	0	589	
14	0	0	0	0	580	
15	0	0	0	0	592	
0	0	0	0	0	614	
1	0	0	0	0	634	
2	0	0	0	0	652	
3	0	0	0	0	658	
4	0	0	0	0	628	
5	0	0	0	0	585	
6	0	0	0	0	572	
7	0	0	0	0	591	
8	0	0	0	0	624	
9	0	0	0	0	632	
10	0	0	0	0	636	
11	0	0	0	0	628	
12	0	0	0	0	603	
13	0	0	0	0	592	
14	0	0	0	0	602	
15	0	0	0	0	626	
0	0	0	0	0	639	
1	0	0	0	0	625	
2	0	0	0	0	604	
3	0	0	0	0	601	
4	0	0	0	0	621	
5	0	0	0	0	646	
6	0	0	0	0	660	
7	0	0	0	0	664	
8	0	0	0	0	652	
9	0	0	0	0	628	
10	0	0	0	0	594	
11	0	0	0	0	598	
12	0	0	0	0	622	
13	0	0	0	0	635	
14	0	0	0	0	636	
15	0	0	0	0	625	
0	0	0	0	0	617	
1	0	0	0	0	613	
2	0	0	0	0	611	
3	0	0	0	0	615	
4	0	0	0	0	611	
5	0	0	0	0	592	
6	0	0	0	0	582	
7	0	0	0	0	588	
8	0	0	0	0	603	
9	0	0	0	0	617	
10	0	0	0	0	618	
11	0	0	0	0	622	
12	0	0	0	0	619	
13	0	0	0	0	615	
14	0	0	0	0	614	
15	0	0	0	0	594	
0	0	0	0	0	569	
1	0	0	0	0	544	
2	0	0	0	0	561	
3	0	0	0	0	610	
4	0	0	0	0	628	
5	0	0	0	0	636	
6	0	0	0	0	624	
7	0	0	0	0	612	
8	0	0	0	0	607	
9	0	0	0	0	610	
10	0	0	0	0	639	
11	0	0	0	0	667	
12	0	0	0	0	686	
13	0	0	0	0	717	
14	0	0	0	0	725	
15	0	0	0	0	757	
0	0	0	0	0	753	
1	0	0	0	0	744	
2	0	0	0	0	755	
3	0	0	0	0	771	
4	0	0	0	0	771	
5	0	0	0	0	767	
6	0	0	0	0	770	
7	0	0	0	0	748	
8	0	0	0	0	691	
9	0	0	0	0	645	
10	0	0	0	0	640	
11	0	0	0	0	665	
12	0	0	0	0	661	
13	0	0	0	0	638	
14	0	0	0	0	611	
15	0	0	0	0	609	
0	0	0	0	0	638	
1	0	0	0	0	658	
2	0	0	0	0	627	
3	0	0	0	0	614	
4	0	0	0	0	601	
5	0	0	0	0	570	
6	0	0	0	0	545	
7	0	0	0	0	553	
8	0	0	0	0	565	
9	0	0	0	0	560	
10	0	0	0	0	573	
11	0	0	0	0	597	
12	0	0	0	0	609	
13	0	0	0	0	574	
14	0	0	0	0	532	
15	0	0	0	0	538	
0	0	0	0	0	576	
1	0	0	0	0	591	
2	0	0	0	0	576	
3	0	0	0	0	566	
4	0	0	0	0	543	
5	0	0	0	0	538	
6	0	0	0	0	541	
7	0	0	0	0	524	
8	0	0	0	0	520	
9	0	0	0	0	506	
10	0	0	0	0	487	
11	0	0	0	0	481	
12	0	0	0	0	493	
13	0	0	0	0	486	
14	0	0	0	0	465	
15	0	0	0	0	468	
0	0	0	0	0	489	
1	0	0	0	0	460	
2	0	0	0	0	439	
3	0	0	0	0	437	
4	0	0	0	0	428	
5	0	0	0	0	420	
6	0	0	0	0	419	
7	0	0	0	0	435	
8	0	0	0	0	451	
9	0	0	0	0	460	
10	0	0	0	0	480	
11	0	0	0	0	504	
12	0	0	0	0	515	
13	0	0	0	0	505	
14	0	0	0	0	480	
15	0	0	0	0	493	
0	0	0	0	0	507	
1	0	0	0	0	504	
2	0	0	0	0	519	
3	0	0	0	0	560	
4	0	0	0	0	622	
5	0	0	0	0	645	
6	0	0	0	0	605	
7	0	0	0	0	547	
8	0	0	0	0	484	
9	0	0	0	0	465	
10	0	0	0	0	514	
11	0	0	0	0	614	
12	0	0	0	0	687	
13	0	0	0	0	707	
14	0	0	0	0	639	
15	0	0	0	0	577	
0	0	0	0	0	542	
1	0	0	0	0	537	
2	0	0	0	0	591	
3	0	0	0	0	656	
4	0	0	0	0	697	
5	0	0	0	0	748	
6	0	0	0	0	708	
7	0	0	0	0	607	
8	0	0	0	0	563	
9	0	0	0	0	620	
10	0	0	0	0	737	
11	0	0	0	0	797	
12	0	0	0	0	787	
13	0	0	0	0	730	
14	0	0	0	0	646	
15	0	0	0	0	624	
0	0	0	0	0	658	
1	0	0	0	0	724	
2	0	0	0	0	810	
3	0	0	0	0	834	
4	0	0	0	0	819	
5	0	0	0	0	762	
6	0	0	0	0	720	
7	0	0	0	0	738	
8	0	0	0	0	783	
9	0	0	0	0	796	
10	0	0	0	0	759	
11	0	0	0	0	712	
12	0	0	0	0	695	
13	0	0	0	0	686	
14	0	0	0	0	711	
15	0	0	0	0	727	
0	0	0	0	0	726	
1	0	0	0	0	709	
2	0	0	0	0	680	
3	0	0	0	0	664	
4	0	0	0	0	638	
5	0	0	0	0	628	
6	0	0	0	0	657	
7	0	0	0	0	712	
8	0	0	0	0	723	
9	0	0	0	0	702	
10	0	0	0	0	671	
11	0	0	0	0	647	
12	0	0	0	0	621	
13	0	0	0	0	604	
14	0	0	0	0	579	
15	0	0	0	0	578	
0	0	0	0	0	600	
1	0	0	0	0	631	
2	0	0	0	0	637	
3	0	0	0	0	622	
4	0	0	0	0	599	
5	0	0	0	0	582	
6	0	0	0	0	567	
7	0	0	0	0	579	
8	0	0	0	0	608	
9	0	0	0	0	603	
10	0	0	0	0	590	
11	0	0	0	0	592	
12	0	0	0	0	614	
13	0	0	0	0	596	
14	0	0	0	0	567	
15	0	0	0	0	563	
0	0	0	0	0	585	
1	0	0	0	0	588	
2	0	0	0	0	562	
3	0	0	0	0	555	
4	0	0	0	0	559	
5	0	0	0	0	569	
6	0	0	0	0	599	
7	0	0	0	0	599	
8	0	0	0	0	584	
9	0	0	0	0	561	
10	0	0	0	0	549	
11	0	0	0	0	573	
12	0	0	0	0	560	
13	0	0	0	0	522	
14	0	0	0	0	466	
15	0	0	0	0	437	
0	0	0	0	0	422	
1	0	0	0	0	419	
2	0	0	0	0	419	
3	0	0	0	0	432	
4	0	0	0	0	434	
5	0	0	0	0	431	
6	0	0	0	0	457	
7	0	0	0	0	491	
8	0	0	0	0	484	
9	0	0	0	0	463	
10	0	0	0	0	438	
11	0	0	0	0	430	
12	0	0	0	0	471	
13	0	0	0	0	496	
14	0	0	0	0	508	
15	0	0	0	0	542	
0	0	0	0	0	560	
1	0	0	0	0	529	
2	0	0	0	0	518	
3	0	0	0	0	528	
4	0	0	0	0	543	
5	0	0	0	0	551	
6	0	0	0	0	540	
7	0	0	0	0	537	
8	0	0	0	0	573	
9	0	0	0	0	608	
10	0	0	0	0	617	
11	0	0	0	0	609	
12	0	0	0	0	512	
13	0	0	0	0	431	
14	0	0	0	0	454	
15	0	0	0	0	514	
0	0	0	0	0	617	
1	0	0	0	0	681	
2	0	0	0	0	719	
3	0	0	0	0	740	
4	0	0	0	0	692	
5	0	0	0	0	595	
6	0	0	0	0	563	
7	0	0	0	0	598	
8	0	0	0	0	624	
9	0	0	0	0	599	
10	0	0	0	0	581	
11	0	0	0	0	622	
12	0	0	0	0	660	
13	0	0	0	0	737	
14	0	0	0	0	804	
15	0	0	0	0	771	
0	0	0	0	0	702	
1	0	0	0	0	632	
2	0	0	0	0	629	
3	0	0	0	0	642	
4	0	0	0	0	646	
5	0	0	0	0	638	
6	0	0	0	0	637	
7	0	0	0	0	676	
8	0	0	0	0	737	
9	0	0	0	0	805	
10	0	0	0	0	839	
11	0	0	0	0	790	
12	0	0	0	0	686	
13	0	0	0	0	591	
14	0	0	0	0	545	
15	0	0	0	0	561	
0	0	0	0	0	627	
1	0	0	0	0	673	
2	0	0	0	0	669	
3	0	0	0	0	750	
4	0	0	0	0	795	
5	0	0	0	0	774	
6	0	0	0	0	690	
7	0	0	0	0	643	
8	0	0	0	0	675	
9	0	0	0	0	732	
10	0	0	0	0	778	
11	0	0	0	0	776	
12	0	0	0	0	711	
13	0	0	0	0	664	
14	0	0	0	0	687	
15	0	0	0	0	722	
0	0	0	0	0	712	
1	0	0	0	0	664	
2	0	0	0	0	624	
3	0	0	0	0	625	
4	0	0	0	0	675	
5	0	0	0	0	705	
6	0	0	0	0	716	
7	0	0	0	0	718	
8	0	0	0	0	684	
9	0	0	0	0	671	
10	0	0	0	0	662	
11	0	0	0	0	644	
12	0	0	0	0	630	
13	0	0	0	0	611	
14	0	0	0	0	616	
15	0	0	0	0	655	
0	0	0	0	0	687	
1	0	0	0	0	678	
2	0	0	0	0	649	
3	0	0	0	0	614	
4	0	0	0	0	580	
5	0	0	0	0	550	
6	0	0	0	0	555	
7	0	0	0	0	588	
8	0	0	0	0	647	
9	0	0	0	0	663	
10	0	0	0	0	626	
11	0	0	0	0	594	
12	0	0	0	0	566	
13	0	0	0	0	524	
14	0	0	0	0	516	
15	0	0	0	0	535	
0	0	0	0	0	555	
1	0	0	0	0	546	
2	0	0	0	0	532	
3	0	0	0	0	545	
4	0	0	0	0	551	
5	0	0	0	0	526	
6	0	0	0	0	504	
7	0	0	0	0	510	
8	0	0	0	0	519	
9	0	0	0	0	524	
10	0	0	0	0	517	
11	0	0	0	0	510	
12	0	0	0	0	507	
13	0	0	0	0	481	
14	0	0	0	0	455	
15	0	0	0	0	449	
0	0	0	0	0	447	
1	0	0	0	0	465	
2	0	0	0	0	451	
3	0	0	0	0	450	
4	0	0	0	0	456	
5	0	0	0	0	478	
6	0	0	0	0	480	
7	0	0	0	0	479	
8	0	0	0	0	457	
9	0	0	0	0	444	
10	0	0	0	0	455	
11	0	0	0	0	471	
12	0	0	0	0	480	
13	0	0	0	0	485	
14	0	0	0	0	460	
15	0	0	0	0	478	
0	0	0	0	0	510	
1	0	0	0	0	526	
2	0	0	0	0	532	
3	0	0	0	0	547	
4	0	0	0	0	565	
5	0	0	0	0	552	
6	0	0	0	0	539	
7	0	0	0	0	541	
8	0	0	0	0	550	
9	0	0	0	0	571	
10	0	0	0	0	605	
11	0	0	0	0	605	
12	0	0	0	0	600	
13	0	0	0	0	605	
14	0	0	0	0	592	
15	0	0	0	0	552	
0	0	0	0	0	557	
1	0	0	0	0	575	
2	0	0	0	0	623	
3	0	0	0	0	687	
4	0	0	0	0	700	
5	0	0	0	0	707	
6	0	0	0	0	709	
7	0	0	0	0	681	
8	0	0	0	0	616	
9	0	0	0	0	577	
10	0	0	0	0	624	
11	0	0	0	0	690	
12	0	0	0	0	741	
13	0	0	0	0	734	
14	0	0	0	0	698	
15	0	0	0	0	676	
0	0	0	0	0	626	
1	0	0	0	0	578	
2	0	0	0	0	581	
3	0	0	0	0	598	
4	0	0	0	0	643	
5	0	0	0	0	725	
6	0	0	0	0	743	
7	0	0	0	0	678	
8	0	0	0	0	610	
9	0	0	0	0	608	
10	0	0	0	0	655	
11	0	0	0	0	688	
12	0	0	0	0	649	
13	0	0	0	0	563	
14	0	0	0	0	525	
15	0	0	0	0	548	
0	0	0	0	0	627	
1	0	0	0	0	685	
2	0	0	0	0	709	
3	0	0	0	0	693	
4	0	0	0	0	671	
5	0	0	0	0	660	
6	0	0	0	0	667	
7	0	0	0	0	668	
8	0	0	0	0	652	
9	0	0	0	0	622	
10	0	0	0	0	586	
11	0	0	0	0	567	
12	0	0	0	0	570	
13	0	0	0	0	595	
14	0	0	0	0	643	
15	0	0	0	0	724	
0	0	0	0	0	767	
1	0	0	0	0	737	
2	0	0	0	0	658	
3	0	0	0	0	616	
4	0	0	0	0	611	
5	0	0	0	0	613	
6	0	0	0	0	624	
7	0	0	0	0	632	
8	0	0	0	0	627	
9	0	0	0	0	608	
10	0	0	0	0	591	
11	0	0	0	0	597	
12	0	0	0	0	612	
13	0	0	0	0	604	
14	0	0	0	0	579	
15	0	0	0	0	569	
0	0	0	0	0	552	
1	0	0	0	0	519	
2	0	0	0	0	207	
3	0	0	0	0	185	
4	0	0	0	0	867	
5	0	0	0	0	863	
6	0	0	0	0	858	
7	0	0	0	0	598	
8	0	0	0	0	412	
9	0	0	0	0	277	
10	0	0	0	0	226	
11	0	0	0	0	353	
12	0	0	0	0	638	
13	0	0	0	0	862	
14	0	0	0	0	858	
15	0	0	0	0	828	
0	0	0	0	0	663	
1	0	0	0	0	550	
2	0	0	0	0	497	
3	0	0	0	0	511	
4	0	0	0	0	568	
5	0	0	0	0	625	
6	0	0	0	0	655	
7	0	0	0	0	664	
8	0	0	0	0	654	
9	0	0	0	0	621	
10	0	0	0	0	593	
11	0	0	0	0	588	
12	0	0	0	0	590	
13	0	0	0	0	590	
14	0	0	0	0	590	
15	0	0	0	0	595	
0	0	0	0	0	598	
1	0	0	0	0	592	
2	0	0	0	0	591	
3	0	0	0	0	606	
4	0	0	0	0	611	
5	0	0	0	0	599	
6	0	0	0	0	590	
7	0	0	0	0	610	
8	0	0	0	0	632	
9	0	0	0	0	631	
10	0	0	0	0	622	
11	0	0	0	0	616	
12	0	0	0	0	609	
13	0	0	0	0	594	
14	0	0	0	0	586	
15	0	0	0	0	598	
0	0	0	0	0	610	
1	0	0	0	0	608	
2	0	0	0	0	604	
3	0	0	0	0	611	
4	0	0	0	0	617	
5	0	0	0	0	610	
6	0	0	0	0	600	
7	0	0	0	0	603	
8	0	0	0	0	609	
9	0	0	0	0	609	
10	0	0	0	0	591	
11	0	0	0	0	600	
12	0	0	0	0	611	
13	0	0	0	0	610	
14	0	0	0	0	602	
15	0	0	0	0	605	
0	0	0	0	0	609	
1	0	0	0	0	606	
2	0	0	0	0	604	
3	0	0	0	0	611	
4	0	0	0	0	614	
5	0	0	0	0	608	
6	0	0	0	0	600	
7	0	0	0	0	604	
8	0	0	0	0	609	
9	0	0	0	0	607	
